,Unnamed: 0,Deaths,Cases,Total Deaths,Date,7 day average
0,0,0,0,0,02/29/2020,0.0
1,1,0,0,0,03/01/2020,0.0
2,2,0,0,0,03/02/2020,0.0
3,3,0,0,0,03/03/2020,0.0
4,4,0,1,0,03/04/2020,0.5
5,5,0,3,0,03/05/2020,0.5
6,6,0,1,0,03/06/2020,0.7142857142857143
7,7,0,2,0,03/07/2020,1.0
8,8,0,5,0,03/08/2020,1.7142857142857142
9,9,0,16,0,03/09/2020,4.0
10,10,0,11,0,03/10/2020,5.571428571428571
11,11,0,31,0,03/11/2020,9.857142857142858
12,12,0,96,0,03/12/2020,23.142857142857146
13,13,0,166,0,03/13/2020,46.714285714285715
14,14,1,163,1,03/14/2020,69.71428571428571
15,15,0,433,1,03/15/2020,130.85714285714286
16,16,1,740,2,03/16/2020,234.28571428571428
17,17,4,783,6,03/17/2020,344.57142857142856
18,18,6,966,12,03/18/2020,478.1428571428572
19,19,6,1204,18,03/19/2020,636.4285714285714
20,20,11,1137,29,03/20/2020,775.1428571428571
21,21,12,554,41,03/21/2020,831.0
22,22,10,755,51,03/22/2020,877.0
23,23,27,910,78,03/23/2020,901.2857142857144
24,24,23,1210,101,03/24/2020,962.2857142857144
25,25,37,1254,138,03/25/2020,1003.4285714285713
26,26,50,1374,188,03/26/2020,1027.7142857142858
27,27,75,1423,263,03/27/2020,1068.5714285714287
28,28,78,864,341,03/28/2020,1112.857142857143
29,29,89,1149,430,03/29/2020,1169.142857142857
30,30,106,1754,536,03/30/2020,1289.7142857142858
31,31,126,1514,662,03/31/2020,1333.142857142857
32,32,135,1589,797,04/01/2020,1381.0
33,33,170,1613,967,04/02/2020,1415.142857142857
34,34,142,1441,1109,04/03/2020,1417.7142857142858
35,35,163,922,1272,04/04/2020,1426.0
36,36,166,1141,1438,04/05/2020,1424.857142857143
37,37,169,1462,1607,04/06/2020,1383.142857142857
38,38,181,1396,1788,04/07/2020,1366.2857142857142
39,39,173,1310,1961,04/08/2020,1326.4285714285713
40,40,190,1369,2151,04/09/2020,1291.5714285714287
41,41,178,1153,2329,04/10/2020,1250.4285714285713
42,42,159,1129,2488,04/11/2020,1280.0
43,43,201,702,2689,04/12/2020,1217.2857142857142
44,44,158,1065,2847,04/13/2020,1160.5714285714287
45,45,152,1035,2999,04/14/2020,1109.0
46,46,132,882,3131,04/15/2020,1047.857142857143
47,47,126,884,3257,04/16/2020,978.5714285714287
48,48,118,960,3375,04/17/2020,951.0
49,49,116,575,3491,04/18/2020,871.8571428571429
50,50,118,635,3609,04/19/2020,862.2857142857142
51,51,95,983,3704,04/20/2020,850.5714285714287
52,52,92,896,3796,04/21/2020,830.7142857142858
53,53,107,854,3903,04/22/2020,826.7142857142858
54,54,106,786,4009,04/23/2020,812.7142857142858
55,55,93,629,4102,04/24/2020,765.4285714285713
56,56,76,405,4178,04/25/2020,741.1428571428571
57,57,61,332,4239,04/26/2020,697.8571428571429
58,58,88,608,4327,04/27/2020,644.2857142857142
59,59,57,711,4384,04/28/2020,617.8571428571429
60,60,71,681,4455,04/29/2020,593.1428571428571
61,61,65,600,4520,04/30/2020,566.5714285714286
62,62,56,497,4576,05/01/2020,547.7142857142857
63,63,45,263,4621,05/02/2020,527.4285714285714
64,64,45,247,4666,05/03/2020,515.2857142857143
65,65,42,462,4708,05/04/2020,494.4285714285714
66,66,49,433,4757,05/05/2020,454.71428571428567
67,67,38,450,4795,05/06/2020,421.71428571428567
68,68,46,403,4841,05/07/2020,393.57142857142856
69,69,43,344,4884,05/08/2020,371.71428571428567
70,70,28,119,4912,05/09/2020,351.1428571428572
71,71,26,188,4938,05/10/2020,342.7142857142857
72,72,33,410,4971,05/11/2020,335.2857142857143
73,73,33,400,5004,05/12/2020,330.57142857142856
74,74,23,362,5027,05/13/2020,318.0
75,75,14,334,5041,05/14/2020,308.14285714285717
76,76,27,259,5068,05/15/2020,296.0
77,77,24,165,5092,05/16/2020,302.57142857142856
78,78,19,137,5111,05/17/2020,295.2857142857143
79,79,17,266,5128,05/18/2020,274.7142857142857
80,80,16,328,5144,05/19/2020,264.42857142857144
81,81,21,323,5165,05/20/2020,258.85714285714283
82,82,15,336,5180,05/21/2020,259.14285714285717
83,83,15,351,5195,05/22/2020,272.2857142857143
84,84,20,143,5215,05/23/2020,269.14285714285717
85,85,12,161,5227,05/24/2020,272.57142857142856
86,86,14,160,5241,05/25/2020,257.42857142857144
87,87,12,319,5253,05/26/2020,256.14285714285717
88,88,11,246,5264,05/27/2020,245.14285714285717
89,89,12,221,5276,05/28/2020,228.7142857142857
90,90,16,167,5292,05/29/2020,202.42857142857144
91,91,10,105,5302,05/30/2020,197.0
92,92,11,84,5313,05/31/2020,186.0
93,93,10,252,5323,06/01/2020,199.14285714285717
94,94,6,185,5329,06/02/2020,180.0
95,95,13,133,5342,06/03/2020,163.85714285714286
96,96,10,131,5352,06/04/2020,151.0
97,97,6,132,5358,06/05/2020,146.0
98,98,10,59,5368,06/06/2020,139.42857142857142
99,99,6,52,5374,06/07/2020,134.85714285714286
100,100,13,112,5387,06/08/2020,114.85714285714286
101,101,6,121,5393,06/09/2020,105.71428571428572
102,102,11,97,5404,06/10/2020,100.57142857142857
103,103,4,113,5408,06/11/2020,98.0
104,104,6,123,5414,06/12/2020,96.71428571428572
105,105,4,52,5418,06/13/2020,95.71428571428572
106,106,7,53,5425,06/14/2020,95.85714285714286
107,107,4,102,5429,06/15/2020,94.42857142857143
108,108,5,133,5434,06/16/2020,96.14285714285714
109,109,6,113,5440,06/17/2020,98.42857142857143
110,110,4,112,5444,06/18/2020,98.28571428571428
111,111,3,91,5447,06/19/2020,93.71428571428572
112,112,3,46,5450,06/20/2020,92.85714285714286
113,113,6,54,5456,06/21/2020,93.0
114,114,5,110,5461,06/22/2020,94.14285714285714
115,115,7,95,5468,06/23/2020,88.7142857142857
116,116,9,101,5477,06/24/2020,87.0
117,117,4,82,5481,06/25/2020,82.71428571428571
118,118,3,94,5484,06/26/2020,83.14285714285714
119,119,8,70,5492,06/27/2020,86.57142857142857
120,120,1,58,5493,06/28/2020,87.14285714285714
121,121,3,127,5496,06/29/2020,89.57142857142857
122,122,4,128,5500,06/30/2020,94.28571428571428
123,123,4,120,5504,07/01/2020,97.0
124,124,3,126,5507,07/02/2020,103.28571428571428
125,125,3,72,5510,07/03/2020,100.14285714285714
126,126,4,23,5514,07/04/2020,93.42857142857143
127,127,4,53,5518,07/05/2020,92.71428571428572
128,128,2,142,5520,07/06/2020,94.85714285714286
129,129,3,123,5523,07/07/2020,94.14285714285714
130,130,3,121,5526,07/08/2020,94.28571428571428
131,131,4,104,5530,07/09/2020,91.14285714285714
132,132,1,90,5531,07/10/2020,93.71428571428572
133,133,2,73,5533,07/11/2020,100.85714285714286
134,134,2,55,5535,07/12/2020,101.14285714285714
135,135,1,123,5536,07/13/2020,98.42857142857143
136,136,4,111,5540,07/14/2020,96.71428571428572
137,137,2,149,5542,07/15/2020,100.71428571428572
138,138,2,90,5544,07/16/2020,98.71428571428572
139,139,0,105,5544,07/17/2020,100.85714285714286
140,140,4,58,5548,07/18/2020,98.71428571428572
141,141,3,40,5551,07/19/2020,96.57142857142857
142,142,4,85,5555,07/20/2020,91.14285714285714
143,143,4,79,5559,07/21/2020,86.57142857142857
144,144,1,96,5560,07/22/2020,79.0
145,145,5,84,5565,07/23/2020,78.14285714285714
146,146,2,68,5567,07/24/2020,72.85714285714286
147,147,2,35,5569,07/25/2020,69.57142857142857
148,148,4,40,5573,07/26/2020,69.57142857142857
149,149,1,79,5574,07/27/2020,68.71428571428571
150,150,1,106,5575,07/28/2020,72.57142857142857
151,151,1,72,5576,07/29/2020,69.14285714285714
152,152,2,98,5578,07/30/2020,71.14285714285714
153,153,1,79,5579,07/31/2020,72.71428571428571
154,154,3,58,5582,08/01/2020,76.0
155,155,2,41,5584,08/02/2020,76.14285714285714
156,156,0,93,5584,08/03/2020,78.14285714285714
157,157,1,49,5585,08/04/2020,70.0
158,158,0,91,5585,08/05/2020,72.71428571428571
159,159,2,87,5587,08/06/2020,71.14285714285714
160,160,0,90,5587,08/07/2020,72.71428571428571
161,161,1,58,5588,08/08/2020,72.71428571428571
162,162,0,48,5588,08/09/2020,73.71428571428571
163,163,1,74,5589,08/10/2020,71.0
164,164,1,82,5590,08/11/2020,75.71428571428571
165,165,0,114,5590,08/12/2020,79.0
166,166,2,87,5592,08/13/2020,79.0
167,167,0,80,5592,08/14/2020,77.57142857142857
168,168,2,33,5594,08/15/2020,74.0
169,169,1,49,5595,08/16/2020,74.14285714285714
170,170,1,95,5596,08/17/2020,77.14285714285714
171,171,0,66,5596,08/18/2020,74.85714285714286
172,172,1,70,5597,08/19/2020,68.57142857142857
173,173,3,55,5600,08/20/2020,64.0
174,174,0,75,5600,08/21/2020,63.28571428571429
175,175,2,36,5602,08/22/2020,63.714285714285715
176,176,0,55,5602,08/23/2020,64.57142857142857
177,177,1,85,5603,08/24/2020,63.14285714285714
178,178,2,84,5605,08/25/2020,65.71428571428571
179,179,1,116,5606,08/26/2020,72.28571428571429
180,180,0,99,5606,08/27/2020,78.57142857142857
181,181,0,78,5606,08/28/2020,79.0
182,182,1,38,5607,08/29/2020,79.28571428571429
183,183,1,60,5608,08/30/2020,80.0
184,184,0,116,5608,08/31/2020,84.42857142857143
185,185,0,91,5608,09/01/2020,85.42857142857143
186,186,2,94,5610,09/02/2020,82.28571428571429
187,187,2,91,5612,09/03/2020,81.14285714285714
188,188,1,71,5613,09/04/2020,80.14285714285714
189,189,3,46,5616,09/05/2020,81.28571428571429
190,190,2,87,5618,09/06/2020,85.14285714285714
191,191,0,74,5618,09/07/2020,79.14285714285714
192,192,1,128,5619,09/08/2020,84.42857142857143
193,193,0,119,5619,09/09/2020,88.0
194,194,1,124,5620,09/10/2020,92.71428571428572
195,195,2,110,5622,09/11/2020,98.28571428571428
196,196,0,51,5622,09/12/2020,99.0
197,197,2,115,5624,09/13/2020,103.0
198,198,2,167,5626,09/14/2020,116.28571428571428
199,199,0,149,5626,09/15/2020,119.28571428571428
200,200,0,164,5626,09/16/2020,125.71428571428572
201,201,1,124,5627,09/17/2020,125.71428571428572
202,202,2,102,5629,09/18/2020,124.57142857142857
203,203,2,36,5631,09/19/2020,122.42857142857143
204,204,3,60,5634,09/20/2020,114.57142857142857
205,205,1,247,5635,09/21/2020,126.0
206,206,3,170,5638,09/22/2020,129.0
207,207,1,233,5639,09/23/2020,138.85714285714286
208,208,1,233,5640,09/24/2020,154.42857142857142
209,209,0,186,5640,09/25/2020,166.42857142857142
210,210,1,107,5641,09/26/2020,176.5714285714286
211,211,2,180,5643,09/27/2020,193.7142857142857
212,212,1,139,5644,09/28/2020,178.28571428571428
213,213,2,334,5646,09/29/2020,201.7142857142857
214,214,4,270,5650,09/30/2020,207.0
215,215,1,293,5651,10/01/2020,215.57142857142856
216,216,1,263,5652,10/02/2020,226.57142857142856
217,217,1,81,5653,10/03/2020,222.85714285714286
218,218,3,163,5656,10/04/2020,220.42857142857144
219,219,0,404,5656,10/05/2020,258.2857142857143
220,220,2,248,5658,10/06/2020,246.0
221,221,1,222,5659,10/07/2020,239.14285714285717
222,222,3,216,5662,10/08/2020,228.14285714285717
223,223,0,184,5662,10/09/2020,216.85714285714286
224,224,0,95,5662,10/10/2020,218.85714285714286
225,225,2,114,5664,10/11/2020,211.85714285714286
226,226,1,223,5665,10/12/2020,186.0
227,227,3,223,5668,10/13/2020,182.42857142857144
228,228,3,210,5671,10/14/2020,180.7142857142857
229,229,2,237,5673,10/15/2020,183.7142857142857
230,230,3,163,5676,10/16/2020,180.7142857142857
231,231,3,91,5679,10/17/2020,180.14285714285714
232,232,1,171,5680,10/18/2020,188.28571428571428
233,233,6,203,5686,10/19/2020,185.42857142857144
234,234,2,214,5688,10/20/2020,184.14285714285717
235,235,3,200,5691,10/21/2020,182.7142857142857
236,236,2,242,5693,10/22/2020,183.42857142857144
237,237,0,198,5693,10/23/2020,188.42857142857144
238,238,0,118,5693,10/24/2020,192.28571428571428
239,239,3,128,5696,10/25/2020,186.14285714285717
240,240,2,219,5698,10/26/2020,188.42857142857144
241,241,3,234,5701,10/27/2020,191.28571428571428
242,242,3,224,5704,10/28/2020,194.7142857142857
243,243,2,191,5706,10/29/2020,187.42857142857144
244,244,4,190,5710,10/30/2020,186.28571428571428
245,245,2,118,5712,10/31/2020,186.28571428571428
246,246,9,230,5721,11/01/2020,200.85714285714286
247,247,7,336,5728,11/02/2020,217.57142857142856
248,248,6,317,5734,11/03/2020,229.42857142857144
249,249,6,309,5740,11/04/2020,241.57142857142856
250,250,4,310,5744,11/05/2020,258.57142857142856
251,251,2,237,5746,11/06/2020,265.2857142857143
252,252,5,220,5751,11/07/2020,279.85714285714283
253,253,2,221,5753,11/08/2020,278.57142857142856
254,254,1,414,5754,11/09/2020,289.7142857142857
255,255,2,454,5756,11/10/2020,309.2857142857143
256,256,2,386,5758,11/11/2020,320.2857142857143
257,257,6,383,5764,11/12/2020,330.7142857142857
258,258,1,356,5765,11/13/2020,347.71428571428567
259,259,5,237,5770,11/14/2020,350.1428571428572
260,260,6,231,5776,11/15/2020,351.57142857142856
261,261,1,494,5777,11/16/2020,363.0
262,262,3,489,5780,11/17/2020,368.0
263,263,4,458,5784,11/18/2020,378.28571428571433
264,264,6,487,5790,11/19/2020,393.1428571428572
265,265,2,431,5792,11/20/2020,403.8571428571428
266,266,3,350,5795,11/21/2020,420.0
267,267,1,338,5796,11/22/2020,435.28571428571433
268,268,7,571,5803,11/23/2020,446.28571428571433
269,269,2,549,5805,11/24/2020,454.8571428571428
270,270,4,624,5809,11/25/2020,478.57142857142856
271,271,3,241,5812,11/26/2020,443.4285714285714
272,272,3,603,5815,11/27/2020,468.0
273,273,3,440,5818,11/28/2020,480.8571428571428
274,274,3,499,5821,11/29/2020,503.8571428571428
275,275,4,854,5825,11/30/2020,544.2857142857143
276,276,3,875,5828,12/01/2020,590.8571428571429
277,277,10,798,5838,12/02/2020,615.7142857142858
278,278,4,819,5842,12/03/2020,698.2857142857142
279,279,5,758,5847,12/04/2020,720.4285714285713
280,280,6,501,5853,12/05/2020,729.1428571428571
281,281,4,551,5857,12/06/2020,736.5714285714287
282,282,7,956,5864,12/07/2020,751.1428571428571
283,283,8,915,5872,12/08/2020,756.8571428571429
284,284,9,899,5881,12/09/2020,771.2857142857142
285,285,2,930,5883,12/10/2020,787.1428571428571
286,286,8,827,5891,12/11/2020,797.0
287,287,9,585,5900,12/12/2020,809.0
288,288,5,642,5905,12/13/2020,822.0
289,289,6,1096,5911,12/14/2020,842.0
290,290,11,1051,5922,12/15/2020,861.4285714285713
291,291,14,829,5936,12/16/2020,851.4285714285713
292,292,6,634,5942,12/17/2020,809.1428571428571
293,293,13,1016,5955,12/18/2020,836.1428571428571
294,294,9,752,5964,12/19/2020,860.0
295,295,5,750,5969,12/20/2020,875.4285714285713
296,296,7,1250,5976,12/21/2020,897.4285714285713
297,297,16,1207,5992,12/22/2020,919.7142857142856
298,298,12,1051,6004,12/23/2020,951.4285714285713
299,299,9,921,6013,12/24/2020,992.4285714285713
300,300,11,317,6024,12/25/2020,892.5714285714287
301,301,6,976,6030,12/26/2020,924.5714285714287
302,302,12,861,6042,12/27/2020,940.4285714285713
303,303,9,1499,6051,12/28/2020,976.0
304,304,8,1290,6059,12/29/2020,987.8571428571428
305,305,5,1000,6064,12/30/2020,980.5714285714287
306,306,15,411,6079,12/31/2020,907.7142857142856
