,Unnamed: 0,Deaths,Cases,Total Deaths,Date,7 day average
0,0,0,0,0,02/29/2020,0.0
1,1,0,0,0,03/01/2020,0.0
2,2,0,0,0,03/02/2020,0.0
3,3,0,0,0,03/03/2020,0.0
4,4,0,1,0,03/04/2020,0.5
5,5,0,3,0,03/05/2020,0.5
6,6,0,1,0,03/06/2020,0.7142857142857143
7,7,0,2,0,03/07/2020,1.0
8,8,0,5,0,03/08/2020,1.7142857142857142
9,9,0,16,0,03/09/2020,4.0
10,10,0,11,0,03/10/2020,5.571428571428571
11,11,0,31,0,03/11/2020,9.857142857142858
12,12,0,97,0,03/12/2020,23.285714285714285
13,13,0,166,0,03/13/2020,46.85714285714285
14,14,1,163,1,03/14/2020,69.85714285714286
15,15,0,433,1,03/15/2020,131.0
16,16,1,740,2,03/16/2020,234.42857142857144
17,17,4,783,6,03/17/2020,344.71428571428567
18,18,6,966,12,03/18/2020,478.28571428571433
19,19,6,1204,18,03/19/2020,636.4285714285714
20,20,11,1137,29,03/20/2020,775.1428571428571
21,21,12,554,41,03/21/2020,831.0
22,22,10,755,51,03/22/2020,877.0
23,23,27,910,78,03/23/2020,901.2857142857144
24,24,23,1211,101,03/24/2020,962.4285714285713
25,25,37,1254,138,03/25/2020,1003.5714285714287
26,26,50,1374,188,03/26/2020,1027.857142857143
27,27,75,1423,263,03/27/2020,1068.7142857142858
28,28,78,864,341,03/28/2020,1113.0
29,29,89,1149,430,03/29/2020,1169.2857142857142
30,30,106,1754,536,03/30/2020,1289.857142857143
31,31,126,1514,662,03/31/2020,1333.142857142857
32,32,135,1589,797,04/01/2020,1381.0
33,33,170,1613,967,04/02/2020,1415.142857142857
34,34,142,1441,1109,04/03/2020,1417.7142857142858
35,35,163,922,1272,04/04/2020,1426.0
36,36,166,1141,1438,04/05/2020,1424.857142857143
37,37,169,1462,1607,04/06/2020,1383.142857142857
38,38,181,1396,1788,04/07/2020,1366.2857142857142
39,39,173,1310,1961,04/08/2020,1326.4285714285713
40,40,190,1369,2151,04/09/2020,1291.5714285714287
41,41,178,1153,2329,04/10/2020,1250.4285714285713
42,42,159,1129,2488,04/11/2020,1280.0
43,43,201,702,2689,04/12/2020,1217.2857142857142
44,44,158,1065,2847,04/13/2020,1160.5714285714287
45,45,152,1035,2999,04/14/2020,1109.0
46,46,132,882,3131,04/15/2020,1047.857142857143
47,47,126,884,3257,04/16/2020,978.5714285714287
48,48,118,960,3375,04/17/2020,951.0
49,49,116,575,3491,04/18/2020,871.8571428571429
50,50,118,635,3609,04/19/2020,862.2857142857142
51,51,95,983,3704,04/20/2020,850.5714285714287
52,52,92,896,3796,04/21/2020,830.7142857142858
53,53,107,854,3903,04/22/2020,826.7142857142858
54,54,106,786,4009,04/23/2020,812.7142857142858
55,55,93,629,4102,04/24/2020,765.4285714285713
56,56,76,405,4178,04/25/2020,741.1428571428571
57,57,61,332,4239,04/26/2020,697.8571428571429
58,58,88,608,4327,04/27/2020,644.2857142857142
59,59,57,711,4384,04/28/2020,617.8571428571429
60,60,71,681,4455,04/29/2020,593.1428571428571
61,61,65,600,4520,04/30/2020,566.5714285714286
62,62,56,497,4576,05/01/2020,547.7142857142857
63,63,45,263,4621,05/02/2020,527.4285714285714
64,64,45,247,4666,05/03/2020,515.2857142857143
65,65,42,462,4708,05/04/2020,494.4285714285714
66,66,49,433,4757,05/05/2020,454.71428571428567
67,67,38,450,4795,05/06/2020,421.71428571428567
68,68,46,403,4841,05/07/2020,393.57142857142856
69,69,43,344,4884,05/08/2020,371.71428571428567
70,70,28,119,4912,05/09/2020,351.1428571428572
71,71,26,188,4938,05/10/2020,342.7142857142857
72,72,33,410,4971,05/11/2020,335.2857142857143
73,73,33,400,5004,05/12/2020,330.57142857142856
74,74,23,362,5027,05/13/2020,318.0
75,75,14,334,5041,05/14/2020,308.14285714285717
76,76,27,259,5068,05/15/2020,296.0
77,77,24,165,5092,05/16/2020,302.57142857142856
78,78,19,137,5111,05/17/2020,295.2857142857143
79,79,17,266,5128,05/18/2020,274.7142857142857
80,80,16,328,5144,05/19/2020,264.42857142857144
81,81,21,323,5165,05/20/2020,258.85714285714283
82,82,15,336,5180,05/21/2020,259.14285714285717
83,83,15,351,5195,05/22/2020,272.2857142857143
84,84,20,143,5215,05/23/2020,269.14285714285717
85,85,12,161,5227,05/24/2020,272.57142857142856
86,86,14,160,5241,05/25/2020,257.42857142857144
87,87,12,319,5253,05/26/2020,256.14285714285717
88,88,11,246,5264,05/27/2020,245.14285714285717
89,89,12,221,5276,05/28/2020,228.7142857142857
90,90,16,167,5292,05/29/2020,202.42857142857144
91,91,10,105,5302,05/30/2020,197.0
92,92,11,84,5313,05/31/2020,186.0
93,93,10,252,5323,06/01/2020,199.14285714285717
94,94,6,185,5329,06/02/2020,180.0
95,95,13,133,5342,06/03/2020,163.85714285714286
96,96,10,131,5352,06/04/2020,151.0
97,97,6,132,5358,06/05/2020,146.0
98,98,10,59,5368,06/06/2020,139.42857142857142
99,99,6,52,5374,06/07/2020,134.85714285714286
100,100,13,112,5387,06/08/2020,114.85714285714286
101,101,6,121,5393,06/09/2020,105.71428571428572
102,102,11,97,5404,06/10/2020,100.57142857142857
103,103,4,113,5408,06/11/2020,98.0
104,104,6,123,5414,06/12/2020,96.71428571428572
105,105,4,52,5418,06/13/2020,95.71428571428572
106,106,7,53,5425,06/14/2020,95.85714285714286
107,107,4,102,5429,06/15/2020,94.42857142857143
108,108,5,133,5434,06/16/2020,96.14285714285714
109,109,6,113,5440,06/17/2020,98.42857142857143
110,110,4,112,5444,06/18/2020,98.28571428571428
111,111,3,91,5447,06/19/2020,93.71428571428572
112,112,3,46,5450,06/20/2020,92.85714285714286
113,113,6,54,5456,06/21/2020,93.0
114,114,5,110,5461,06/22/2020,94.14285714285714
115,115,6,95,5467,06/23/2020,88.7142857142857
116,116,8,101,5475,06/24/2020,87.0
117,117,4,82,5479,06/25/2020,82.71428571428571
118,118,3,94,5482,06/26/2020,83.14285714285714
119,119,8,70,5490,06/27/2020,86.57142857142857
120,120,1,58,5491,06/28/2020,87.14285714285714
121,121,3,127,5494,06/29/2020,89.57142857142857
122,122,3,128,5497,06/30/2020,94.28571428571428
123,123,3,120,5500,07/01/2020,97.0
124,124,3,127,5503,07/02/2020,103.42857142857143
125,125,3,72,5506,07/03/2020,100.28571428571428
126,126,4,23,5510,07/04/2020,93.57142857142857
127,127,4,53,5514,07/05/2020,92.85714285714286
128,128,2,142,5516,07/06/2020,95.0
129,129,3,123,5519,07/07/2020,94.28571428571428
130,130,3,121,5522,07/08/2020,94.42857142857143
131,131,4,105,5526,07/09/2020,91.28571428571428
132,132,1,90,5527,07/10/2020,93.85714285714286
133,133,2,73,5529,07/11/2020,101.0
134,134,2,55,5531,07/12/2020,101.28571428571428
135,135,1,123,5532,07/13/2020,98.57142857142857
136,136,4,111,5536,07/14/2020,96.85714285714286
137,137,2,149,5538,07/15/2020,100.85714285714286
138,138,2,90,5540,07/16/2020,98.71428571428572
139,139,0,105,5540,07/17/2020,100.85714285714286
140,140,4,58,5544,07/18/2020,98.71428571428572
141,141,3,40,5547,07/19/2020,96.57142857142857
142,142,4,85,5551,07/20/2020,91.14285714285714
143,143,4,79,5555,07/21/2020,86.57142857142857
144,144,1,96,5556,07/22/2020,79.0
145,145,4,84,5560,07/23/2020,78.14285714285714
146,146,2,68,5562,07/24/2020,72.85714285714286
147,147,2,35,5564,07/25/2020,69.57142857142857
148,148,4,40,5568,07/26/2020,69.57142857142857
149,149,1,79,5569,07/27/2020,68.71428571428571
150,150,1,106,5570,07/28/2020,72.57142857142857
151,151,1,72,5571,07/29/2020,69.14285714285714
152,152,2,98,5573,07/30/2020,71.14285714285714
153,153,1,79,5574,07/31/2020,72.71428571428571
154,154,3,58,5577,08/01/2020,76.0
155,155,2,41,5579,08/02/2020,76.14285714285714
156,156,0,93,5579,08/03/2020,78.14285714285714
157,157,1,50,5580,08/04/2020,70.14285714285714
158,158,0,91,5580,08/05/2020,72.85714285714286
159,159,2,87,5582,08/06/2020,71.28571428571429
160,160,0,90,5582,08/07/2020,72.85714285714286
161,161,1,58,5583,08/08/2020,72.85714285714286
162,162,0,48,5583,08/09/2020,73.85714285714286
163,163,1,74,5584,08/10/2020,71.14285714285714
164,164,1,82,5585,08/11/2020,75.71428571428571
165,165,0,114,5585,08/12/2020,79.0
166,166,2,87,5587,08/13/2020,79.0
167,167,0,80,5587,08/14/2020,77.57142857142857
168,168,2,33,5589,08/15/2020,74.0
169,169,1,49,5590,08/16/2020,74.14285714285714
170,170,1,95,5591,08/17/2020,77.14285714285714
171,171,0,66,5591,08/18/2020,74.85714285714286
172,172,1,69,5592,08/19/2020,68.42857142857143
173,173,3,55,5595,08/20/2020,63.85714285714285
174,174,0,75,5595,08/21/2020,63.14285714285714
175,175,2,36,5597,08/22/2020,63.57142857142857
176,176,0,55,5597,08/23/2020,64.42857142857143
177,177,1,85,5598,08/24/2020,63.0
178,178,2,84,5600,08/25/2020,65.57142857142857
179,179,1,116,5601,08/26/2020,72.28571428571429
180,180,0,99,5601,08/27/2020,78.57142857142857
181,181,0,78,5601,08/28/2020,79.0
182,182,1,38,5602,08/29/2020,79.28571428571429
183,183,1,60,5603,08/30/2020,80.0
184,184,0,116,5603,08/31/2020,84.42857142857143
185,185,0,91,5603,09/01/2020,85.42857142857143
186,186,2,94,5605,09/02/2020,82.28571428571429
187,187,2,91,5607,09/03/2020,81.14285714285714
188,188,1,72,5608,09/04/2020,80.28571428571429
189,189,3,46,5611,09/05/2020,81.42857142857143
190,190,2,87,5613,09/06/2020,85.28571428571429
191,191,0,74,5613,09/07/2020,79.28571428571429
192,192,1,128,5614,09/08/2020,84.57142857142857
193,193,0,119,5614,09/09/2020,88.14285714285714
194,194,1,124,5615,09/10/2020,92.85714285714286
195,195,2,110,5617,09/11/2020,98.28571428571428
196,196,0,51,5617,09/12/2020,99.0
197,197,2,115,5619,09/13/2020,103.0
198,198,2,167,5621,09/14/2020,116.28571428571428
199,199,0,149,5621,09/15/2020,119.28571428571428
200,200,0,164,5621,09/16/2020,125.71428571428572
201,201,1,123,5622,09/17/2020,125.57142857142857
202,202,2,102,5624,09/18/2020,124.42857142857143
203,203,2,36,5626,09/19/2020,122.28571428571428
204,204,3,60,5629,09/20/2020,114.42857142857143
205,205,1,247,5630,09/21/2020,125.85714285714286
206,206,3,171,5633,09/22/2020,129.0
207,207,1,233,5634,09/23/2020,138.85714285714286
208,208,1,233,5635,09/24/2020,154.57142857142858
209,209,0,186,5635,09/25/2020,166.57142857142858
210,210,1,107,5636,09/26/2020,176.71428571428572
211,211,2,180,5638,09/27/2020,193.85714285714286
212,212,1,139,5639,09/28/2020,178.4285714285714
213,213,2,334,5641,09/29/2020,201.7142857142857
214,214,4,270,5645,09/30/2020,207.0
215,215,1,292,5646,10/01/2020,215.42857142857144
216,216,1,263,5647,10/02/2020,226.42857142857144
217,217,1,81,5648,10/03/2020,222.7142857142857
218,218,3,163,5651,10/04/2020,220.28571428571428
219,219,0,404,5651,10/05/2020,258.14285714285717
220,220,2,248,5653,10/06/2020,245.85714285714286
221,221,1,223,5654,10/07/2020,239.14285714285717
222,222,3,216,5657,10/08/2020,228.28571428571428
223,223,0,184,5657,10/09/2020,217.0
224,224,0,95,5657,10/10/2020,219.0
225,225,2,114,5659,10/11/2020,212.0
226,226,1,223,5660,10/12/2020,186.14285714285717
227,227,3,223,5663,10/13/2020,182.57142857142856
228,228,3,209,5666,10/14/2020,180.57142857142856
229,229,2,237,5668,10/15/2020,183.57142857142856
230,230,3,163,5671,10/16/2020,180.57142857142856
231,231,3,91,5674,10/17/2020,180.0
232,232,1,171,5675,10/18/2020,188.14285714285717
233,233,6,203,5681,10/19/2020,185.28571428571428
234,234,2,214,5683,10/20/2020,184.0
235,235,3,200,5686,10/21/2020,182.7142857142857
236,236,2,242,5688,10/22/2020,183.42857142857144
237,237,0,198,5688,10/23/2020,188.42857142857144
238,238,0,118,5688,10/24/2020,192.28571428571428
239,239,3,128,5691,10/25/2020,186.14285714285717
240,240,2,219,5693,10/26/2020,188.42857142857144
241,241,3,234,5696,10/27/2020,191.28571428571428
242,242,3,224,5699,10/28/2020,194.7142857142857
243,243,2,192,5701,10/29/2020,187.57142857142856
244,244,4,190,5705,10/30/2020,186.42857142857144
245,245,2,117,5707,10/31/2020,186.28571428571428
246,246,9,230,5716,11/01/2020,200.85714285714286
247,247,7,336,5723,11/02/2020,217.57142857142856
248,248,6,317,5729,11/03/2020,229.42857142857144
249,249,6,309,5735,11/04/2020,241.57142857142856
250,250,4,310,5739,11/05/2020,258.42857142857144
251,251,2,237,5741,11/06/2020,265.14285714285717
252,252,5,220,5746,11/07/2020,279.85714285714283
253,253,2,221,5748,11/08/2020,278.57142857142856
254,254,1,414,5749,11/09/2020,289.7142857142857
255,255,2,454,5751,11/10/2020,309.2857142857143
256,256,2,386,5753,11/11/2020,320.2857142857143
257,257,6,384,5759,11/12/2020,330.85714285714283
258,258,1,356,5760,11/13/2020,347.8571428571428
259,259,5,237,5765,11/14/2020,350.28571428571433
260,260,6,231,5771,11/15/2020,351.71428571428567
261,261,1,493,5772,11/16/2020,363.0
262,262,3,489,5775,11/17/2020,368.0
263,263,4,458,5779,11/18/2020,378.28571428571433
264,264,6,486,5785,11/19/2020,392.8571428571428
265,265,2,431,5787,11/20/2020,403.57142857142856
266,266,3,350,5790,11/21/2020,419.71428571428567
267,267,1,339,5791,11/22/2020,435.1428571428572
268,268,7,571,5798,11/23/2020,446.28571428571433
269,269,2,549,5800,11/24/2020,454.8571428571428
270,270,4,624,5804,11/25/2020,478.57142857142856
271,271,3,241,5807,11/26/2020,443.57142857142856
272,272,3,603,5810,11/27/2020,468.1428571428572
273,273,3,440,5813,11/28/2020,481.0
274,274,3,499,5816,11/29/2020,503.8571428571428
275,275,4,855,5820,11/30/2020,544.4285714285714
276,276,3,875,5823,12/01/2020,591.0
277,277,10,798,5833,12/02/2020,615.8571428571429
278,278,4,819,5837,12/03/2020,698.4285714285713
279,279,5,759,5842,12/04/2020,720.7142857142858
280,280,6,501,5848,12/05/2020,729.4285714285713
281,281,4,550,5852,12/06/2020,736.7142857142858
282,282,7,956,5859,12/07/2020,751.1428571428571
283,283,8,916,5867,12/08/2020,757.0
284,284,9,899,5876,12/09/2020,771.4285714285713
285,285,2,931,5878,12/10/2020,787.4285714285713
286,286,8,830,5886,12/11/2020,797.5714285714287
287,287,9,585,5895,12/12/2020,809.5714285714287
288,288,5,643,5900,12/13/2020,822.8571428571429
289,289,6,1096,5906,12/14/2020,842.8571428571429
290,290,11,1052,5917,12/15/2020,862.2857142857142
291,291,14,829,5931,12/16/2020,852.2857142857142
292,292,6,636,5937,12/17/2020,810.1428571428571
293,293,13,1017,5950,12/18/2020,836.8571428571429
294,294,9,755,5959,12/19/2020,861.1428571428571
295,295,5,752,5964,12/20/2020,876.7142857142858
296,296,7,1271,5971,12/21/2020,901.7142857142856
297,297,17,1217,5988,12/22/2020,925.2857142857144
298,298,12,1066,6000,12/23/2020,959.1428571428572
299,299,9,940,6009,12/24/2020,1002.5714285714287
300,300,11,320,6020,12/25/2020,903.0
301,301,8,984,6028,12/26/2020,935.7142857142856
302,302,12,870,6040,12/27/2020,952.5714285714287
303,303,10,1513,6050,12/28/2020,987.1428571428572
304,304,9,1353,6059,12/29/2020,1006.5714285714287
305,305,5,1260,6064,12/30/2020,1034.2857142857142
306,306,17,828,6081,12/31/2020,1018.2857142857144
307,307,8,297,6089,01/01/2021,1015.0
308,308,10,730,6099,01/02/2021,978.7142857142856
