,Unnamed: 0,Deaths,Cases,Total Deaths,Date,7 day average
0,0,0,0,0,02/29/2020,0.0
1,1,0,0,0,03/01/2020,0.0
2,2,0,0,0,03/02/2020,0.0
3,3,0,0,0,03/03/2020,0.0
4,4,0,1,0,03/04/2020,0.5
5,5,0,3,0,03/05/2020,0.5
6,6,0,1,0,03/06/2020,0.7142857142857143
7,7,0,2,0,03/07/2020,1.0
8,8,0,5,0,03/08/2020,1.7142857142857142
9,9,0,16,0,03/09/2020,4.0
10,10,0,11,0,03/10/2020,5.571428571428571
11,11,0,31,0,03/11/2020,9.857142857142858
12,12,0,96,0,03/12/2020,23.142857142857146
13,13,0,166,0,03/13/2020,46.714285714285715
14,14,1,164,1,03/14/2020,69.85714285714286
15,15,0,433,1,03/15/2020,131.0
16,16,1,740,2,03/16/2020,234.42857142857144
17,17,4,783,6,03/17/2020,344.71428571428567
18,18,6,966,12,03/18/2020,478.28571428571433
19,19,6,1204,18,03/19/2020,636.5714285714286
20,20,11,1137,29,03/20/2020,775.2857142857142
21,21,12,554,41,03/21/2020,831.0
22,22,10,755,51,03/22/2020,877.0
23,23,27,910,78,03/23/2020,901.2857142857144
24,24,23,1212,101,03/24/2020,962.5714285714287
25,25,37,1254,138,03/25/2020,1003.7142857142856
26,26,50,1375,188,03/26/2020,1028.142857142857
27,27,75,1423,263,03/27/2020,1069.0
28,28,78,864,341,03/28/2020,1113.2857142857142
29,29,89,1149,430,03/29/2020,1169.5714285714287
30,30,106,1754,536,03/30/2020,1290.142857142857
31,31,126,1513,662,03/31/2020,1333.142857142857
32,32,135,1589,797,04/01/2020,1381.0
33,33,171,1613,968,04/02/2020,1415.0
34,34,142,1441,1110,04/03/2020,1417.571428571429
35,35,163,922,1273,04/04/2020,1425.857142857143
36,36,166,1141,1439,04/05/2020,1424.7142857142858
37,37,169,1462,1608,04/06/2020,1383.0
38,38,181,1395,1789,04/07/2020,1366.142857142857
39,39,172,1310,1961,04/08/2020,1326.2857142857142
40,40,189,1369,2150,04/09/2020,1291.4285714285713
41,41,178,1153,2328,04/10/2020,1250.2857142857142
42,42,159,1129,2487,04/11/2020,1279.857142857143
43,43,201,701,2688,04/12/2020,1217.0
44,44,158,1065,2846,04/13/2020,1160.2857142857142
45,45,151,1035,2997,04/14/2020,1108.857142857143
46,46,132,882,3129,04/15/2020,1047.7142857142858
47,47,126,884,3255,04/16/2020,978.4285714285713
48,48,118,959,3373,04/17/2020,950.7142857142856
49,49,116,575,3489,04/18/2020,871.5714285714287
50,50,118,635,3607,04/19/2020,862.1428571428571
51,51,95,983,3702,04/20/2020,850.4285714285713
52,52,92,896,3794,04/21/2020,830.5714285714287
53,53,107,854,3901,04/22/2020,826.5714285714287
54,54,106,786,4007,04/23/2020,812.5714285714287
55,55,93,629,4100,04/24/2020,765.4285714285713
56,56,76,405,4176,04/25/2020,741.1428571428571
57,57,61,332,4237,04/26/2020,697.8571428571429
58,58,88,608,4325,04/27/2020,644.2857142857142
59,59,57,711,4382,04/28/2020,617.8571428571429
60,60,71,681,4453,04/29/2020,593.1428571428571
61,61,65,600,4518,04/30/2020,566.5714285714286
62,62,56,497,4574,05/01/2020,547.7142857142857
63,63,45,263,4619,05/02/2020,527.4285714285714
64,64,45,247,4664,05/03/2020,515.2857142857143
65,65,42,462,4706,05/04/2020,494.4285714285714
66,66,49,433,4755,05/05/2020,454.71428571428567
67,67,38,450,4793,05/06/2020,421.71428571428567
68,68,46,403,4839,05/07/2020,393.57142857142856
69,69,43,344,4882,05/08/2020,371.71428571428567
70,70,28,119,4910,05/09/2020,351.1428571428572
71,71,26,188,4936,05/10/2020,342.7142857142857
72,72,33,410,4969,05/11/2020,335.2857142857143
73,73,33,400,5002,05/12/2020,330.57142857142856
74,74,23,362,5025,05/13/2020,318.0
75,75,14,334,5039,05/14/2020,308.14285714285717
76,76,27,259,5066,05/15/2020,296.0
77,77,24,165,5090,05/16/2020,302.57142857142856
78,78,19,137,5109,05/17/2020,295.2857142857143
79,79,17,266,5126,05/18/2020,274.7142857142857
80,80,16,328,5142,05/19/2020,264.42857142857144
81,81,21,323,5163,05/20/2020,258.85714285714283
82,82,15,336,5178,05/21/2020,259.14285714285717
83,83,15,350,5193,05/22/2020,272.14285714285717
84,84,20,143,5213,05/23/2020,269.0
85,85,12,161,5225,05/24/2020,272.42857142857144
86,86,14,160,5239,05/25/2020,257.2857142857143
87,87,12,319,5251,05/26/2020,256.0
88,88,11,246,5262,05/27/2020,245.0
89,89,12,221,5274,05/28/2020,228.57142857142856
90,90,16,167,5290,05/29/2020,202.42857142857144
91,91,10,105,5300,05/30/2020,197.0
92,92,11,84,5311,05/31/2020,186.0
93,93,10,252,5321,06/01/2020,199.14285714285717
94,94,6,184,5327,06/02/2020,179.85714285714286
95,95,13,133,5340,06/03/2020,163.71428571428572
96,96,10,130,5350,06/04/2020,150.71428571428572
97,97,6,132,5356,06/05/2020,145.71428571428572
98,98,10,59,5366,06/06/2020,139.14285714285714
99,99,6,52,5372,06/07/2020,134.57142857142858
100,100,13,112,5385,06/08/2020,114.57142857142857
101,101,6,121,5391,06/09/2020,105.57142857142857
102,102,11,97,5402,06/10/2020,100.42857142857143
103,103,4,113,5406,06/11/2020,98.0
104,104,6,123,5412,06/12/2020,96.71428571428572
105,105,4,52,5416,06/13/2020,95.71428571428572
106,106,6,53,5422,06/14/2020,95.85714285714286
107,107,4,102,5426,06/15/2020,94.42857142857143
108,108,5,133,5431,06/16/2020,96.14285714285714
109,109,6,114,5437,06/17/2020,98.57142857142857
110,110,4,112,5441,06/18/2020,98.42857142857143
111,111,3,91,5444,06/19/2020,93.85714285714286
112,112,3,46,5447,06/20/2020,93.0
113,113,6,54,5453,06/21/2020,93.14285714285714
114,114,5,110,5458,06/22/2020,94.28571428571428
115,115,5,95,5463,06/23/2020,88.85714285714286
116,116,6,101,5469,06/24/2020,87.0
117,117,4,82,5473,06/25/2020,82.71428571428571
118,118,3,94,5476,06/26/2020,83.14285714285714
119,119,7,70,5483,06/27/2020,86.57142857142857
120,120,1,58,5484,06/28/2020,87.14285714285714
121,121,3,127,5487,06/29/2020,89.57142857142857
122,122,2,128,5489,06/30/2020,94.28571428571428
123,123,3,120,5492,07/01/2020,97.0
124,124,3,127,5495,07/02/2020,103.42857142857143
125,125,3,72,5498,07/03/2020,100.28571428571428
126,126,3,23,5501,07/04/2020,93.57142857142857
127,127,3,53,5504,07/05/2020,92.85714285714286
128,128,2,142,5506,07/06/2020,95.0
129,129,2,123,5508,07/07/2020,94.28571428571428
130,130,3,121,5511,07/08/2020,94.42857142857143
131,131,4,104,5515,07/09/2020,91.14285714285714
132,132,2,90,5517,07/10/2020,93.71428571428572
133,133,2,73,5519,07/11/2020,100.85714285714286
134,134,2,55,5521,07/12/2020,101.14285714285714
135,135,1,123,5522,07/13/2020,98.42857142857143
136,136,4,111,5526,07/14/2020,96.71428571428572
137,137,2,149,5528,07/15/2020,100.71428571428572
138,138,1,90,5529,07/16/2020,98.71428571428572
139,139,0,105,5529,07/17/2020,100.85714285714286
140,140,4,58,5533,07/18/2020,98.71428571428572
141,141,3,40,5536,07/19/2020,96.57142857142857
142,142,3,85,5539,07/20/2020,91.14285714285714
143,143,3,79,5542,07/21/2020,86.57142857142857
144,144,1,96,5543,07/22/2020,79.0
145,145,4,84,5547,07/23/2020,78.14285714285714
146,146,2,69,5549,07/24/2020,73.0
147,147,2,35,5551,07/25/2020,69.71428571428571
148,148,4,40,5555,07/26/2020,69.71428571428571
149,149,1,79,5556,07/27/2020,68.85714285714286
150,150,1,106,5557,07/28/2020,72.71428571428571
151,151,1,73,5558,07/29/2020,69.42857142857143
152,152,2,98,5560,07/30/2020,71.42857142857143
153,153,1,79,5561,07/31/2020,72.85714285714286
154,154,3,58,5564,08/01/2020,76.14285714285714
155,155,2,41,5566,08/02/2020,76.28571428571429
156,156,0,93,5566,08/03/2020,78.28571428571429
157,157,1,50,5567,08/04/2020,70.28571428571429
158,158,0,90,5567,08/05/2020,72.71428571428571
159,159,2,87,5569,08/06/2020,71.14285714285714
160,160,0,92,5569,08/07/2020,73.0
161,161,1,58,5570,08/08/2020,73.0
162,162,0,48,5570,08/09/2020,74.0
163,163,1,74,5571,08/10/2020,71.28571428571429
164,164,1,82,5572,08/11/2020,75.85714285714286
165,165,0,114,5572,08/12/2020,79.28571428571429
166,166,2,87,5574,08/13/2020,79.28571428571429
167,167,0,80,5574,08/14/2020,77.57142857142857
168,168,1,33,5575,08/15/2020,74.0
169,169,1,49,5576,08/16/2020,74.14285714285714
170,170,1,96,5577,08/17/2020,77.28571428571429
171,171,0,66,5577,08/18/2020,75.0
172,172,1,69,5578,08/19/2020,68.57142857142857
173,173,3,56,5581,08/20/2020,64.14285714285714
174,174,0,75,5581,08/21/2020,63.42857142857143
175,175,2,36,5583,08/22/2020,63.85714285714285
176,176,0,55,5583,08/23/2020,64.71428571428571
177,177,1,85,5584,08/24/2020,63.14285714285714
178,178,2,84,5586,08/25/2020,65.71428571428571
179,179,1,116,5587,08/26/2020,72.42857142857143
180,180,0,99,5587,08/27/2020,78.57142857142857
181,181,0,78,5587,08/28/2020,79.0
182,182,1,38,5588,08/29/2020,79.28571428571429
183,183,1,60,5589,08/30/2020,80.0
184,184,0,117,5589,08/31/2020,84.57142857142857
185,185,0,91,5589,09/01/2020,85.57142857142857
186,186,2,94,5591,09/02/2020,82.42857142857143
187,187,2,91,5593,09/03/2020,81.28571428571429
188,188,1,71,5594,09/04/2020,80.28571428571429
189,189,3,46,5597,09/05/2020,81.42857142857143
190,190,2,87,5599,09/06/2020,85.28571428571429
191,191,0,74,5599,09/07/2020,79.14285714285714
192,192,1,128,5600,09/08/2020,84.42857142857143
193,193,0,119,5600,09/09/2020,88.0
194,194,1,124,5601,09/10/2020,92.71428571428572
195,195,2,110,5603,09/11/2020,98.28571428571428
196,196,0,51,5603,09/12/2020,99.0
197,197,2,115,5605,09/13/2020,103.0
198,198,2,167,5607,09/14/2020,116.28571428571428
199,199,0,149,5607,09/15/2020,119.28571428571428
200,200,0,164,5607,09/16/2020,125.71428571428572
201,201,1,123,5608,09/17/2020,125.57142857142857
202,202,2,103,5610,09/18/2020,124.57142857142857
203,203,2,36,5612,09/19/2020,122.42857142857143
204,204,3,60,5615,09/20/2020,114.57142857142857
205,205,1,247,5616,09/21/2020,126.0
206,206,3,170,5619,09/22/2020,129.0
207,207,1,233,5620,09/23/2020,138.85714285714286
208,208,1,235,5621,09/24/2020,154.85714285714286
209,209,0,186,5621,09/25/2020,166.71428571428572
210,210,1,108,5622,09/26/2020,177.0
211,211,2,181,5624,09/27/2020,194.28571428571428
212,212,1,139,5625,09/28/2020,178.85714285714286
213,213,2,334,5627,09/29/2020,202.28571428571428
214,214,4,270,5631,09/30/2020,207.57142857142856
215,215,1,292,5632,10/01/2020,215.7142857142857
216,216,1,263,5633,10/02/2020,226.7142857142857
217,217,1,81,5634,10/03/2020,222.85714285714286
218,218,3,162,5637,10/04/2020,220.14285714285717
219,219,0,354,5637,10/05/2020,250.85714285714286
220,220,2,250,5639,10/06/2020,238.85714285714286
221,221,1,223,5640,10/07/2020,232.14285714285717
222,222,3,216,5643,10/08/2020,221.28571428571428
223,223,0,184,5643,10/09/2020,210.0
224,224,0,95,5643,10/10/2020,212.0
225,225,2,115,5645,10/11/2020,205.28571428571428
226,226,1,223,5646,10/12/2020,186.57142857142856
227,227,3,225,5649,10/13/2020,183.0
228,228,3,210,5652,10/14/2020,181.14285714285717
229,229,2,236,5654,10/15/2020,184.0
230,230,3,163,5657,10/16/2020,181.0
231,231,3,91,5660,10/17/2020,180.42857142857144
232,232,1,171,5661,10/18/2020,188.42857142857144
233,233,6,204,5667,10/19/2020,185.7142857142857
234,234,2,214,5669,10/20/2020,184.14285714285717
235,235,3,203,5672,10/21/2020,183.14285714285717
236,236,2,241,5674,10/22/2020,183.85714285714286
237,237,0,198,5674,10/23/2020,188.85714285714286
238,238,0,119,5674,10/24/2020,192.85714285714286
239,239,3,128,5677,10/25/2020,186.7142857142857
240,240,2,220,5679,10/26/2020,189.0
241,241,3,237,5682,10/27/2020,192.28571428571428
242,242,3,229,5685,10/28/2020,196.0
243,243,2,191,5687,10/29/2020,188.85714285714286
244,244,4,191,5691,10/30/2020,187.85714285714286
245,245,2,118,5693,10/31/2020,187.7142857142857
246,246,9,230,5702,11/01/2020,202.28571428571428
247,247,7,336,5709,11/02/2020,218.85714285714286
248,248,6,319,5715,11/03/2020,230.57142857142856
249,249,7,310,5722,11/04/2020,242.14285714285717
250,250,4,311,5726,11/05/2020,259.2857142857143
251,251,2,237,5728,11/06/2020,265.85714285714283
252,252,5,222,5733,11/07/2020,280.7142857142857
253,253,2,224,5735,11/08/2020,279.85714285714283
254,254,1,415,5736,11/09/2020,291.14285714285717
255,255,2,456,5738,11/10/2020,310.7142857142857
256,256,2,394,5740,11/11/2020,322.7142857142857
257,257,6,383,5746,11/12/2020,333.0
258,258,1,358,5747,11/13/2020,350.28571428571433
259,259,5,238,5752,11/14/2020,352.57142857142856
260,260,6,231,5758,11/15/2020,353.57142857142856
261,261,2,496,5760,11/16/2020,365.1428571428572
262,262,3,492,5763,11/17/2020,370.28571428571433
263,263,4,462,5767,11/18/2020,380.0
264,264,6,489,5773,11/19/2020,395.1428571428572
265,265,2,434,5775,11/20/2020,406.0
266,266,3,352,5778,11/21/2020,422.28571428571433
267,267,1,339,5779,11/22/2020,437.71428571428567
268,268,7,571,5786,11/23/2020,448.4285714285714
269,269,2,553,5788,11/24/2020,457.1428571428572
270,270,4,626,5792,11/25/2020,480.57142857142856
271,271,3,242,5795,11/26/2020,445.28571428571433
272,272,3,603,5798,11/27/2020,469.4285714285714
273,273,3,442,5801,11/28/2020,482.28571428571433
274,274,3,500,5804,11/29/2020,505.28571428571433
275,275,4,860,5808,11/30/2020,546.5714285714286
276,276,3,878,5811,12/01/2020,593.0
277,277,10,803,5821,12/02/2020,618.2857142857142
278,278,4,820,5825,12/03/2020,700.8571428571429
279,279,6,761,5831,12/04/2020,723.4285714285713
280,280,6,504,5837,12/05/2020,732.2857142857142
281,281,4,553,5841,12/06/2020,739.8571428571429
282,282,7,960,5848,12/07/2020,754.1428571428571
283,283,8,918,5856,12/08/2020,759.8571428571429
284,284,9,906,5865,12/09/2020,774.5714285714287
285,285,2,938,5867,12/10/2020,791.4285714285713
286,286,8,831,5875,12/11/2020,801.4285714285713
287,287,9,594,5884,12/12/2020,814.2857142857142
288,288,5,646,5889,12/13/2020,827.5714285714287
289,289,6,1106,5895,12/14/2020,848.4285714285713
290,290,11,1062,5906,12/15/2020,869.0
291,291,15,844,5921,12/16/2020,860.1428571428571
292,292,6,646,5927,12/17/2020,818.4285714285713
293,293,13,1023,5940,12/18/2020,845.8571428571429
294,294,9,765,5949,12/19/2020,870.2857142857142
295,295,5,767,5954,12/20/2020,887.5714285714287
296,296,7,1307,5961,12/21/2020,916.2857142857144
297,297,16,1256,5977,12/22/2020,944.0
298,298,13,1082,5990,12/23/2020,978.0
299,299,9,962,5999,12/24/2020,1023.1428571428572
300,300,12,340,6011,12/25/2020,925.5714285714287
301,301,8,1015,6019,12/26/2020,961.2857142857144
302,302,14,911,6033,12/27/2020,981.8571428571428
303,303,13,1581,6046,12/28/2020,1021.0
304,304,14,1406,6060,12/29/2020,1042.4285714285713
305,305,16,1386,6076,12/30/2020,1085.857142857143
306,306,21,929,6097,12/31/2020,1081.142857142857
307,307,17,401,6114,01/01/2021,1089.857142857143
308,308,17,1086,6131,01/02/2021,1100.0
309,309,12,1044,6143,01/03/2021,1119.0
310,310,24,1868,6167,01/04/2021,1160.0
311,311,22,1731,6189,01/05/2021,1206.4285714285713
312,312,19,1569,6208,01/06/2021,1232.5714285714287
313,313,18,1607,6226,01/07/2021,1329.4285714285713
314,314,14,1436,6240,01/08/2021,1477.2857142857142
315,315,22,977,6262,01/09/2021,1461.7142857142858
316,316,16,996,6278,01/10/2021,1454.857142857143
317,317,12,1720,6290,01/11/2021,1433.7142857142858
318,318,29,1579,6319,01/12/2021,1412.0
319,319,20,1503,6339,01/13/2021,1402.571428571429
320,320,22,1498,6361,01/14/2021,1387.0
321,321,10,1355,6371,01/15/2021,1375.428571428571
322,322,20,1039,6391,01/16/2021,1384.2857142857142
323,323,23,887,6414,01/17/2021,1368.7142857142858
324,324,21,1426,6435,01/18/2021,1326.7142857142858
325,325,25,1430,6460,01/19/2021,1305.4285714285713
326,326,25,1296,6485,01/20/2021,1275.857142857143
327,327,19,1352,6504,01/21/2021,1255.0
328,328,30,1287,6534,01/22/2021,1245.2857142857142
329,329,24,874,6558,01/23/2021,1221.7142857142858
330,330,21,855,6579,01/24/2021,1217.142857142857
331,331,14,1658,6593,01/25/2021,1250.2857142857142
332,332,24,1324,6617,01/26/2021,1235.142857142857
333,333,29,1384,6646,01/27/2021,1247.7142857142858
334,334,13,1230,6659,01/28/2021,1230.2857142857142
335,335,17,938,6676,01/29/2021,1180.4285714285713
336,336,15,592,6691,01/30/2021,1140.142857142857
