,Deaths,Cases,Total Deaths,Date,7 day average
0,0,0,0,02/29/2020,0.0
1,0,0,0,03/01/2020,0.0
2,0,0,0,03/02/2020,0.0
3,0,0,0,03/03/2020,0.0
4,0,1,0,03/04/2020,0.5
5,0,3,0,03/05/2020,0.5
6,0,1,0,03/06/2020,0.7142857142857143
7,0,2,0,03/07/2020,1.0
8,0,5,0,03/08/2020,1.7142857142857142
9,0,16,0,03/09/2020,4.0
10,0,11,0,03/10/2020,5.571428571428571
11,0,31,0,03/11/2020,9.857142857142858
12,0,96,0,03/12/2020,23.142857142857142
13,0,167,0,03/13/2020,46.857142857142854
14,1,164,1,03/14/2020,70.0
15,0,433,1,03/15/2020,131.14285714285714
16,1,740,2,03/16/2020,234.57142857142858
17,4,785,6,03/17/2020,345.14285714285717
18,6,967,12,03/18/2020,478.85714285714283
19,6,1204,18,03/19/2020,637.1428571428571
20,11,1138,29,03/20/2020,775.8571428571429
21,12,555,41,03/21/2020,831.7142857142857
22,10,756,51,03/22/2020,877.8571428571429
23,27,909,78,03/23/2020,902.0
24,23,1212,101,03/24/2020,963.0
25,36,1240,137,03/25/2020,1002.0
26,50,1377,187,03/26/2020,1026.7142857142858
27,75,1434,262,03/27/2020,1069.0
28,78,862,340,03/28/2020,1112.857142857143
29,90,1147,430,03/29/2020,1168.7142857142858
30,106,1761,536,03/30/2020,1290.4285714285713
31,126,1519,662,03/31/2020,1334.2857142857142
32,135,1609,797,04/01/2020,1387.0
33,168,1643,965,04/02/2020,1425.0
34,141,1448,1106,04/03/2020,1427.0
35,163,923,1269,04/04/2020,1435.7142857142858
36,167,1151,1436,04/05/2020,1436.2857142857142
37,169,1498,1605,04/06/2020,1398.7142857142858
38,179,1421,1784,04/07/2020,1384.7142857142858
39,173,1325,1957,04/08/2020,1344.142857142857
40,190,1373,2147,04/09/2020,1305.5714285714287
41,178,1158,2325,04/10/2020,1264.142857142857
42,160,1130,2485,04/11/2020,1293.7142857142858
43,200,701,2685,04/12/2020,1229.4285714285713
44,159,1065,2844,04/13/2020,1167.5714285714287
45,153,1037,2997,04/14/2020,1112.7142857142858
46,131,883,3128,04/15/2020,1049.5714285714287
47,126,885,3254,04/16/2020,979.8571428571429
48,118,959,3372,04/17/2020,951.4285714285714
49,117,574,3489,04/18/2020,872.0
50,118,636,3607,04/19/2020,862.7142857142857
51,95,982,3702,04/20/2020,850.8571428571429
52,91,900,3793,04/21/2020,831.2857142857143
53,108,853,3901,04/22/2020,827.0
54,106,791,4007,04/23/2020,813.5714285714286
55,93,630,4100,04/24/2020,766.5714285714286
56,76,404,4176,04/25/2020,742.2857142857143
57,61,332,4237,04/26/2020,698.8571428571429
58,88,610,4325,04/27/2020,645.7142857142857
59,57,715,4382,04/28/2020,619.2857142857143
60,72,682,4454,04/29/2020,594.8571428571429
61,66,600,4520,04/30/2020,567.5714285714286
62,55,498,4575,05/01/2020,548.7142857142857
63,46,264,4621,05/02/2020,528.7142857142857
64,46,248,4667,05/03/2020,516.7142857142857
65,42,462,4709,05/04/2020,495.57142857142856
66,49,434,4758,05/05/2020,455.42857142857144
67,38,452,4796,05/06/2020,422.57142857142856
68,45,402,4841,05/07/2020,394.2857142857143
69,43,344,4884,05/08/2020,372.2857142857143
70,28,119,4912,05/09/2020,351.57142857142856
71,26,188,4938,05/10/2020,343.0
72,32,410,4970,05/11/2020,335.57142857142856
73,33,400,5003,05/12/2020,330.7142857142857
74,23,363,5026,05/13/2020,318.0
75,14,332,5040,05/14/2020,308.0
76,26,259,5066,05/15/2020,295.85714285714283
77,24,165,5090,05/16/2020,302.42857142857144
78,19,137,5109,05/17/2020,295.14285714285717
79,16,268,5125,05/18/2020,274.85714285714283
80,16,329,5141,05/19/2020,264.7142857142857
81,21,327,5162,05/20/2020,259.57142857142856
82,15,345,5177,05/21/2020,261.42857142857144
83,15,386,5192,05/22/2020,279.57142857142856
84,20,163,5212,05/23/2020,279.2857142857143
85,12,179,5224,05/24/2020,285.2857142857143
86,14,175,5238,05/25/2020,272.0
87,11,339,5249,05/26/2020,273.42857142857144
88,11,254,5260,05/27/2020,263.0
89,12,227,5272,05/28/2020,246.14285714285714
90,16,171,5288,05/29/2020,215.42857142857142
91,11,112,5299,05/30/2020,208.14285714285714
92,11,80,5310,05/31/2020,194.0
93,10,252,5320,06/01/2020,205.0
94,6,190,5326,06/02/2020,183.71428571428572
95,13,137,5339,06/03/2020,167.0
96,10,129,5349,06/04/2020,153.0
97,6,132,5355,06/05/2020,147.42857142857142
98,10,59,5365,06/06/2020,139.85714285714286
99,5,53,5370,06/07/2020,136.0
100,13,111,5383,06/08/2020,115.85714285714286
101,6,124,5389,06/09/2020,106.42857142857143
102,11,99,5400,06/10/2020,101.0
103,4,106,5404,06/11/2020,97.71428571428571
104,6,122,5410,06/12/2020,96.28571428571429
105,4,53,5414,06/13/2020,95.42857142857143
106,7,53,5421,06/14/2020,95.42857142857143
107,4,102,5425,06/15/2020,94.14285714285714
108,5,133,5430,06/16/2020,95.42857142857143
109,7,112,5437,06/17/2020,97.28571428571429
110,4,111,5441,06/18/2020,98.0
111,3,90,5444,06/19/2020,93.42857142857143
112,4,46,5448,06/20/2020,92.42857142857143
113,6,52,5454,06/21/2020,92.28571428571429
114,7,109,5461,06/22/2020,93.28571428571429
115,9,96,5470,06/23/2020,88.0
116,11,101,5481,06/24/2020,86.42857142857143
117,5,82,5486,06/25/2020,82.28571428571429
118,3,94,5489,06/26/2020,82.85714285714286
119,11,69,5500,06/27/2020,86.14285714285714
120,1,58,5501,06/28/2020,87.0
121,5,127,5506,06/29/2020,89.57142857142857
122,5,133,5511,06/30/2020,94.85714285714286
123,5,120,5516,07/01/2020,97.57142857142857
124,4,130,5520,07/02/2020,104.42857142857143
125,6,72,5526,07/03/2020,101.28571428571429
126,6,23,5532,07/04/2020,94.71428571428571
127,5,54,5537,07/05/2020,94.14285714285714
128,4,143,5541,07/06/2020,96.42857142857143
129,4,123,5545,07/07/2020,95.0
130,5,123,5550,07/08/2020,95.42857142857143
131,4,105,5554,07/09/2020,91.85714285714286
132,3,91,5557,07/10/2020,94.57142857142857
133,2,73,5559,07/11/2020,101.71428571428571
134,4,56,5563,07/12/2020,102.0
135,2,122,5565,07/13/2020,99.0
136,4,110,5569,07/14/2020,97.14285714285714
137,2,150,5571,07/15/2020,101.0
138,3,91,5574,07/16/2020,99.0
139,0,103,5574,07/17/2020,100.71428571428571
140,5,58,5579,07/18/2020,98.57142857142857
141,3,39,5582,07/19/2020,96.14285714285714
142,4,85,5586,07/20/2020,90.85714285714286
143,5,79,5591,07/21/2020,86.42857142857143
144,1,95,5592,07/22/2020,78.57142857142857
145,5,84,5597,07/23/2020,77.57142857142857
146,2,67,5599,07/24/2020,72.42857142857143
147,2,35,5601,07/25/2020,69.14285714285714
148,4,40,5605,07/26/2020,69.28571428571429
149,2,84,5607,07/27/2020,69.14285714285714
150,1,105,5608,07/28/2020,72.85714285714286
151,1,72,5609,07/29/2020,69.57142857142857
152,2,94,5611,07/30/2020,71.0
153,1,79,5612,07/31/2020,72.71428571428571
154,3,54,5615,08/01/2020,75.42857142857143
155,2,40,5617,08/02/2020,75.42857142857143
156,0,95,5617,08/03/2020,77.0
157,2,49,5619,08/04/2020,69.0
158,0,97,5619,08/05/2020,72.57142857142857
159,2,83,5621,08/06/2020,71.0
160,0,93,5621,08/07/2020,73.0
161,1,54,5622,08/08/2020,73.0
162,0,48,5622,08/09/2020,74.14285714285714
163,1,74,5623,08/10/2020,71.14285714285714
164,1,82,5624,08/11/2020,75.85714285714286
165,0,113,5624,08/12/2020,78.14285714285714
166,2,81,5626,08/13/2020,77.85714285714286
167,1,77,5627,08/14/2020,75.57142857142857
168,2,33,5629,08/15/2020,72.57142857142857
169,1,48,5630,08/16/2020,72.57142857142857
170,1,93,5631,08/17/2020,75.28571428571429
171,0,62,5631,08/18/2020,72.42857142857143
172,1,67,5632,08/19/2020,65.85714285714286
173,2,51,5634,08/20/2020,61.57142857142857
174,0,69,5634,08/21/2020,60.42857142857143
175,2,35,5636,08/22/2020,60.714285714285715
176,0,51,5636,08/23/2020,61.142857142857146
177,1,84,5637,08/24/2020,59.857142857142854
178,1,76,5638,08/25/2020,61.857142857142854
179,1,93,5639,08/26/2020,65.57142857142857
180,0,54,5639,08/27/2020,66.0
181,1,36,5640,08/28/2020,61.285714285714285
182,0,2,5640,08/29/2020,56.57142857142857
183,0,4,5640,08/30/2020,49.857142857142854
