,Unnamed: 0,Deaths,Cases,Total Deaths,Date,7 day average
0,0,0,0,0,02/29/2020,0.0
1,1,0,0,0,03/01/2020,0.0
2,2,0,0,0,03/02/2020,0.0
3,3,0,0,0,03/03/2020,0.0
4,4,0,1,0,03/04/2020,0.5
5,5,0,3,0,03/05/2020,0.5
6,6,0,1,0,03/06/2020,0.7142857142857143
7,7,0,2,0,03/07/2020,1.0
8,8,0,5,0,03/08/2020,1.7142857142857142
9,9,0,16,0,03/09/2020,4.0
10,10,0,11,0,03/10/2020,5.571428571428571
11,11,0,31,0,03/11/2020,9.857142857142858
12,12,0,96,0,03/12/2020,23.142857142857146
13,13,0,166,0,03/13/2020,46.714285714285715
14,14,1,163,1,03/14/2020,69.71428571428571
15,15,0,433,1,03/15/2020,130.85714285714286
16,16,1,740,2,03/16/2020,234.28571428571428
17,17,4,783,6,03/17/2020,344.57142857142856
18,18,6,966,12,03/18/2020,478.1428571428572
19,19,6,1204,18,03/19/2020,636.4285714285714
20,20,11,1137,29,03/20/2020,775.1428571428571
21,21,12,554,41,03/21/2020,831.0
22,22,10,755,51,03/22/2020,877.0
23,23,27,910,78,03/23/2020,901.2857142857144
24,24,23,1211,101,03/24/2020,962.4285714285713
25,25,37,1254,138,03/25/2020,1003.5714285714287
26,26,50,1374,188,03/26/2020,1027.857142857143
27,27,75,1423,263,03/27/2020,1068.7142857142858
28,28,78,864,341,03/28/2020,1113.0
29,29,89,1149,430,03/29/2020,1169.2857142857142
30,30,106,1754,536,03/30/2020,1289.857142857143
31,31,126,1514,662,03/31/2020,1333.142857142857
32,32,135,1589,797,04/01/2020,1381.0
33,33,170,1613,967,04/02/2020,1415.142857142857
34,34,142,1441,1109,04/03/2020,1417.7142857142858
35,35,163,922,1272,04/04/2020,1426.0
36,36,166,1141,1438,04/05/2020,1424.857142857143
37,37,169,1462,1607,04/06/2020,1383.142857142857
38,38,181,1396,1788,04/07/2020,1366.2857142857142
39,39,173,1310,1961,04/08/2020,1326.4285714285713
40,40,190,1369,2151,04/09/2020,1291.5714285714287
41,41,178,1153,2329,04/10/2020,1250.4285714285713
42,42,159,1129,2488,04/11/2020,1280.0
43,43,201,702,2689,04/12/2020,1217.2857142857142
44,44,158,1065,2847,04/13/2020,1160.5714285714287
45,45,152,1035,2999,04/14/2020,1109.0
46,46,132,882,3131,04/15/2020,1047.857142857143
47,47,126,884,3257,04/16/2020,978.5714285714287
48,48,118,959,3375,04/17/2020,950.8571428571428
49,49,116,575,3491,04/18/2020,871.7142857142858
50,50,118,635,3609,04/19/2020,862.1428571428571
51,51,95,983,3704,04/20/2020,850.4285714285713
52,52,92,896,3796,04/21/2020,830.5714285714287
53,53,107,854,3903,04/22/2020,826.5714285714287
54,54,106,786,4009,04/23/2020,812.5714285714287
55,55,93,629,4102,04/24/2020,765.4285714285713
56,56,76,405,4178,04/25/2020,741.1428571428571
57,57,61,332,4239,04/26/2020,697.8571428571429
58,58,88,608,4327,04/27/2020,644.2857142857142
59,59,57,711,4384,04/28/2020,617.8571428571429
60,60,71,681,4455,04/29/2020,593.1428571428571
61,61,65,600,4520,04/30/2020,566.5714285714286
62,62,56,497,4576,05/01/2020,547.7142857142857
63,63,45,263,4621,05/02/2020,527.4285714285714
64,64,45,247,4666,05/03/2020,515.2857142857143
65,65,42,462,4708,05/04/2020,494.4285714285714
66,66,49,433,4757,05/05/2020,454.71428571428567
67,67,38,450,4795,05/06/2020,421.71428571428567
68,68,46,403,4841,05/07/2020,393.57142857142856
69,69,43,344,4884,05/08/2020,371.71428571428567
70,70,28,119,4912,05/09/2020,351.1428571428572
71,71,26,188,4938,05/10/2020,342.7142857142857
72,72,33,410,4971,05/11/2020,335.2857142857143
73,73,33,400,5004,05/12/2020,330.57142857142856
74,74,23,362,5027,05/13/2020,318.0
75,75,14,334,5041,05/14/2020,308.14285714285717
76,76,27,259,5068,05/15/2020,296.0
77,77,24,165,5092,05/16/2020,302.57142857142856
78,78,19,137,5111,05/17/2020,295.2857142857143
79,79,17,266,5128,05/18/2020,274.7142857142857
80,80,16,328,5144,05/19/2020,264.42857142857144
81,81,21,323,5165,05/20/2020,258.85714285714283
82,82,15,336,5180,05/21/2020,259.14285714285717
83,83,15,351,5195,05/22/2020,272.2857142857143
84,84,20,143,5215,05/23/2020,269.14285714285717
85,85,12,161,5227,05/24/2020,272.57142857142856
86,86,14,160,5241,05/25/2020,257.42857142857144
87,87,12,319,5253,05/26/2020,256.14285714285717
88,88,11,246,5264,05/27/2020,245.14285714285717
89,89,12,221,5276,05/28/2020,228.7142857142857
90,90,16,167,5292,05/29/2020,202.42857142857144
91,91,10,105,5302,05/30/2020,197.0
92,92,11,84,5313,05/31/2020,186.0
93,93,10,252,5323,06/01/2020,199.14285714285717
94,94,6,185,5329,06/02/2020,180.0
95,95,13,133,5342,06/03/2020,163.85714285714286
96,96,10,131,5352,06/04/2020,151.0
97,97,6,132,5358,06/05/2020,146.0
98,98,10,59,5368,06/06/2020,139.42857142857142
99,99,6,52,5374,06/07/2020,134.85714285714286
100,100,13,112,5387,06/08/2020,114.85714285714286
101,101,6,121,5393,06/09/2020,105.71428571428572
102,102,11,97,5404,06/10/2020,100.57142857142857
103,103,4,113,5408,06/11/2020,98.0
104,104,6,123,5414,06/12/2020,96.71428571428572
105,105,4,52,5418,06/13/2020,95.71428571428572
106,106,6,53,5424,06/14/2020,95.85714285714286
107,107,4,102,5428,06/15/2020,94.42857142857143
108,108,5,133,5433,06/16/2020,96.14285714285714
109,109,6,113,5439,06/17/2020,98.42857142857143
110,110,4,112,5443,06/18/2020,98.28571428571428
111,111,3,91,5446,06/19/2020,93.71428571428572
112,112,3,46,5449,06/20/2020,92.85714285714286
113,113,6,54,5455,06/21/2020,93.0
114,114,5,110,5460,06/22/2020,94.14285714285714
115,115,5,95,5465,06/23/2020,88.7142857142857
116,116,6,101,5471,06/24/2020,87.0
117,117,4,82,5475,06/25/2020,82.71428571428571
118,118,3,94,5478,06/26/2020,83.14285714285714
119,119,7,70,5485,06/27/2020,86.57142857142857
120,120,1,58,5486,06/28/2020,87.14285714285714
121,121,3,127,5489,06/29/2020,89.57142857142857
122,122,2,128,5491,06/30/2020,94.28571428571428
123,123,3,120,5494,07/01/2020,97.0
124,124,3,127,5497,07/02/2020,103.42857142857143
125,125,3,72,5500,07/03/2020,100.28571428571428
126,126,3,23,5503,07/04/2020,93.57142857142857
127,127,3,53,5506,07/05/2020,92.85714285714286
128,128,2,142,5508,07/06/2020,95.0
129,129,2,123,5510,07/07/2020,94.28571428571428
130,130,3,121,5513,07/08/2020,94.42857142857143
131,131,4,104,5517,07/09/2020,91.14285714285714
132,132,1,90,5518,07/10/2020,93.71428571428572
133,133,2,73,5520,07/11/2020,100.85714285714286
134,134,2,55,5522,07/12/2020,101.14285714285714
135,135,1,123,5523,07/13/2020,98.42857142857143
136,136,4,111,5527,07/14/2020,96.71428571428572
137,137,2,149,5529,07/15/2020,100.71428571428572
138,138,1,90,5530,07/16/2020,98.71428571428572
139,139,0,105,5530,07/17/2020,100.85714285714286
140,140,4,58,5534,07/18/2020,98.71428571428572
141,141,3,40,5537,07/19/2020,96.57142857142857
142,142,3,85,5540,07/20/2020,91.14285714285714
143,143,3,80,5543,07/21/2020,86.7142857142857
144,144,1,96,5544,07/22/2020,79.14285714285714
145,145,4,84,5548,07/23/2020,78.28571428571429
146,146,2,68,5550,07/24/2020,73.0
147,147,2,35,5552,07/25/2020,69.71428571428571
148,148,4,40,5556,07/26/2020,69.71428571428571
149,149,1,79,5557,07/27/2020,68.85714285714286
150,150,1,106,5558,07/28/2020,72.57142857142857
151,151,1,72,5559,07/29/2020,69.14285714285714
152,152,2,98,5561,07/30/2020,71.14285714285714
153,153,1,79,5562,07/31/2020,72.71428571428571
154,154,3,58,5565,08/01/2020,76.0
155,155,2,41,5567,08/02/2020,76.14285714285714
156,156,0,93,5567,08/03/2020,78.14285714285714
157,157,1,49,5568,08/04/2020,70.0
158,158,0,90,5568,08/05/2020,72.57142857142857
159,159,2,87,5570,08/06/2020,71.0
160,160,0,90,5570,08/07/2020,72.57142857142857
161,161,1,58,5571,08/08/2020,72.57142857142857
162,162,0,48,5571,08/09/2020,73.57142857142857
163,163,1,74,5572,08/10/2020,70.85714285714286
164,164,1,82,5573,08/11/2020,75.57142857142857
165,165,0,114,5573,08/12/2020,79.0
166,166,2,87,5575,08/13/2020,79.0
167,167,0,82,5575,08/14/2020,77.85714285714286
168,168,1,33,5576,08/15/2020,74.28571428571429
169,169,1,49,5577,08/16/2020,74.42857142857143
170,170,1,96,5578,08/17/2020,77.57142857142857
171,171,0,66,5578,08/18/2020,75.28571428571429
172,172,1,69,5579,08/19/2020,68.85714285714286
173,173,3,56,5582,08/20/2020,64.42857142857143
174,174,0,75,5582,08/21/2020,63.42857142857143
175,175,2,36,5584,08/22/2020,63.85714285714285
176,176,0,55,5584,08/23/2020,64.71428571428571
177,177,1,85,5585,08/24/2020,63.14285714285714
178,178,2,84,5587,08/25/2020,65.71428571428571
179,179,1,116,5588,08/26/2020,72.42857142857143
180,180,0,99,5588,08/27/2020,78.57142857142857
181,181,0,78,5588,08/28/2020,79.0
182,182,1,38,5589,08/29/2020,79.28571428571429
183,183,1,60,5590,08/30/2020,80.0
184,184,0,117,5590,08/31/2020,84.57142857142857
185,185,0,91,5590,09/01/2020,85.57142857142857
186,186,2,95,5592,09/02/2020,82.57142857142857
187,187,2,91,5594,09/03/2020,81.42857142857143
188,188,1,71,5595,09/04/2020,80.42857142857143
189,189,3,46,5598,09/05/2020,81.57142857142857
190,190,2,87,5600,09/06/2020,85.42857142857143
191,191,0,74,5600,09/07/2020,79.28571428571429
192,192,1,128,5601,09/08/2020,84.57142857142857
193,193,0,119,5601,09/09/2020,88.0
194,194,1,124,5602,09/10/2020,92.71428571428572
195,195,2,111,5604,09/11/2020,98.42857142857143
196,196,0,51,5604,09/12/2020,99.14285714285714
197,197,2,115,5606,09/13/2020,103.14285714285714
198,198,2,167,5608,09/14/2020,116.42857142857143
199,199,0,149,5608,09/15/2020,119.42857142857143
200,200,0,164,5608,09/16/2020,125.85714285714286
201,201,1,123,5609,09/17/2020,125.71428571428572
202,202,2,102,5611,09/18/2020,124.42857142857143
203,203,2,36,5613,09/19/2020,122.28571428571428
204,204,3,61,5616,09/20/2020,114.57142857142857
205,205,1,247,5617,09/21/2020,126.0
206,206,3,170,5620,09/22/2020,129.0
207,207,1,233,5621,09/23/2020,138.85714285714286
208,208,1,234,5622,09/24/2020,154.71428571428572
209,209,0,186,5622,09/25/2020,166.71428571428572
210,210,1,107,5623,09/26/2020,176.85714285714286
211,211,2,180,5625,09/27/2020,193.85714285714286
212,212,1,139,5626,09/28/2020,178.4285714285714
213,213,2,334,5628,09/29/2020,201.85714285714286
214,214,4,271,5632,09/30/2020,207.28571428571428
215,215,1,292,5633,10/01/2020,215.57142857142856
216,216,1,263,5634,10/02/2020,226.57142857142856
217,217,1,81,5635,10/03/2020,222.85714285714286
218,218,3,162,5638,10/04/2020,220.28571428571428
219,219,0,354,5638,10/05/2020,251.0
220,220,2,249,5640,10/06/2020,238.85714285714286
221,221,1,223,5641,10/07/2020,232.0
222,222,3,217,5644,10/08/2020,221.28571428571428
223,223,0,183,5644,10/09/2020,209.85714285714286
224,224,0,95,5644,10/10/2020,211.85714285714286
225,225,2,115,5646,10/11/2020,205.14285714285717
226,226,1,223,5647,10/12/2020,186.42857142857144
227,227,3,224,5650,10/13/2020,182.85714285714286
228,228,3,209,5653,10/14/2020,180.85714285714286
229,229,2,236,5655,10/15/2020,183.57142857142856
230,230,3,163,5658,10/16/2020,180.7142857142857
231,231,3,91,5661,10/17/2020,180.14285714285714
232,232,1,170,5662,10/18/2020,188.0
233,233,6,204,5668,10/19/2020,185.28571428571428
234,234,2,214,5670,10/20/2020,183.85714285714286
235,235,3,201,5673,10/21/2020,182.7142857142857
236,236,2,242,5675,10/22/2020,183.57142857142856
237,237,0,198,5675,10/23/2020,188.57142857142856
238,238,0,118,5675,10/24/2020,192.42857142857144
239,239,3,128,5678,10/25/2020,186.42857142857144
240,240,2,220,5680,10/26/2020,188.7142857142857
241,241,3,236,5683,10/27/2020,191.85714285714286
242,242,3,225,5686,10/28/2020,195.28571428571428
243,243,2,191,5688,10/29/2020,188.0
244,244,4,190,5692,10/30/2020,186.85714285714286
245,245,2,118,5694,10/31/2020,186.85714285714286
246,246,9,230,5703,11/01/2020,201.42857142857144
247,247,7,336,5710,11/02/2020,218.0
248,248,6,317,5716,11/03/2020,229.57142857142856
249,249,6,310,5722,11/04/2020,241.7142857142857
250,250,4,312,5726,11/05/2020,259.0
251,251,2,238,5728,11/06/2020,265.85714285714283
252,252,5,220,5733,11/07/2020,280.42857142857144
253,253,2,222,5735,11/08/2020,279.2857142857143
254,254,1,415,5736,11/09/2020,290.57142857142856
255,255,2,455,5738,11/10/2020,310.2857142857143
256,256,2,388,5740,11/11/2020,321.42857142857144
257,257,6,383,5746,11/12/2020,331.57142857142856
258,258,1,356,5747,11/13/2020,348.42857142857144
259,259,5,238,5752,11/14/2020,351.0
260,260,6,232,5758,11/15/2020,352.42857142857144
261,261,1,494,5759,11/16/2020,363.71428571428567
262,262,3,491,5762,11/17/2020,368.8571428571428
263,263,4,459,5766,11/18/2020,379.0
264,264,6,487,5772,11/19/2020,393.8571428571428
265,265,2,431,5774,11/20/2020,404.57142857142856
266,266,3,350,5777,11/21/2020,420.57142857142856
267,267,1,338,5778,11/22/2020,435.71428571428567
268,268,7,572,5785,11/23/2020,446.8571428571428
269,269,2,551,5787,11/24/2020,455.4285714285714
270,270,4,624,5791,11/25/2020,479.0
271,271,3,241,5794,11/26/2020,443.8571428571428
272,272,3,603,5797,11/27/2020,468.4285714285714
273,273,3,441,5800,11/28/2020,481.4285714285714
274,274,3,499,5803,11/29/2020,504.4285714285714
275,275,4,856,5807,11/30/2020,545.0
276,276,3,878,5810,12/01/2020,591.7142857142858
277,277,10,799,5820,12/02/2020,616.7142857142858
278,278,4,819,5824,12/03/2020,699.2857142857142
279,279,6,758,5830,12/04/2020,721.4285714285713
280,280,6,501,5836,12/05/2020,730.0
281,281,4,550,5840,12/06/2020,737.2857142857142
282,282,7,956,5847,12/07/2020,751.5714285714287
283,283,8,918,5855,12/08/2020,757.2857142857142
284,284,9,901,5864,12/09/2020,771.8571428571429
285,285,2,935,5866,12/10/2020,788.4285714285713
286,286,8,829,5874,12/11/2020,798.5714285714287
287,287,9,588,5883,12/12/2020,811.0
288,288,5,644,5888,12/13/2020,824.4285714285713
289,289,6,1101,5894,12/14/2020,845.1428571428571
290,290,11,1054,5905,12/15/2020,864.5714285714287
291,291,14,835,5919,12/16/2020,855.1428571428571
292,292,6,637,5925,12/17/2020,812.5714285714287
293,293,13,1022,5938,12/18/2020,840.1428571428571
294,294,9,760,5947,12/19/2020,864.7142857142858
295,295,5,758,5952,12/20/2020,881.0
296,296,7,1296,5959,12/21/2020,908.8571428571428
297,297,17,1240,5976,12/22/2020,935.4285714285713
298,298,13,1076,5989,12/23/2020,969.8571428571428
299,299,9,953,5998,12/24/2020,1015.0
300,300,12,329,6010,12/25/2020,916.0
301,301,9,992,6019,12/26/2020,949.1428571428572
302,302,14,889,6033,12/27/2020,967.8571428571428
303,303,13,1538,6046,12/28/2020,1002.4285714285713
304,304,11,1373,6057,12/29/2020,1021.4285714285713
305,305,13,1344,6070,12/30/2020,1059.7142857142858
306,306,20,900,6090,12/31/2020,1052.142857142857
307,307,15,380,6105,01/01/2021,1059.4285714285713
308,308,17,1056,6122,01/02/2021,1068.5714285714287
309,309,9,992,6131,01/03/2021,1083.2857142857142
310,310,20,1660,6151,01/04/2021,1100.7142857142858
311,311,17,1325,6168,01/05/2021,1093.857142857143
312,312,10,733,6178,01/06/2021,1006.5714285714287
