,Deaths,Cases,Total Deaths,Date,7 day average
0,0,0,0,02/29/2020,0.0
1,0,0,0,03/01/2020,0.0
2,0,0,0,03/02/2020,0.0
3,0,0,0,03/03/2020,0.0
4,0,1,0,03/04/2020,0.5
5,0,3,0,03/05/2020,0.5
6,0,1,0,03/06/2020,0.7142857142857143
7,0,2,0,03/07/2020,1.0
8,0,5,0,03/08/2020,1.7142857142857142
9,0,16,0,03/09/2020,4.0
10,0,11,0,03/10/2020,5.571428571428571
11,0,31,0,03/11/2020,9.857142857142858
12,0,96,0,03/12/2020,23.142857142857142
13,0,166,0,03/13/2020,46.714285714285715
14,1,163,1,03/14/2020,69.71428571428571
15,0,433,1,03/15/2020,130.85714285714286
16,1,740,2,03/16/2020,234.28571428571428
17,4,783,6,03/17/2020,344.57142857142856
18,6,966,12,03/18/2020,478.14285714285717
19,6,1204,18,03/19/2020,636.4285714285714
20,11,1137,29,03/20/2020,775.1428571428571
21,12,554,41,03/21/2020,831.0
22,10,755,51,03/22/2020,877.0
23,27,910,78,03/23/2020,901.2857142857143
24,23,1210,101,03/24/2020,962.2857142857143
25,37,1254,138,03/25/2020,1003.4285714285714
26,50,1374,188,03/26/2020,1027.7142857142858
27,75,1423,263,03/27/2020,1068.5714285714287
28,78,863,341,03/28/2020,1112.7142857142858
29,89,1149,430,03/29/2020,1169.0
30,106,1755,536,03/30/2020,1289.7142857142858
31,126,1514,662,03/31/2020,1333.142857142857
32,135,1589,797,04/01/2020,1381.0
33,170,1613,967,04/02/2020,1415.142857142857
34,142,1441,1109,04/03/2020,1417.7142857142858
35,163,922,1272,04/04/2020,1426.142857142857
36,167,1141,1439,04/05/2020,1425.0
37,169,1461,1608,04/06/2020,1383.0
38,181,1395,1789,04/07/2020,1366.0
39,173,1310,1962,04/08/2020,1326.142857142857
40,190,1369,2152,04/09/2020,1291.2857142857142
41,178,1153,2330,04/10/2020,1250.142857142857
42,159,1129,2489,04/11/2020,1279.7142857142858
43,201,702,2690,04/12/2020,1217.0
44,158,1065,2848,04/13/2020,1160.4285714285713
45,152,1035,3000,04/14/2020,1109.0
46,132,882,3132,04/15/2020,1047.857142857143
47,126,884,3258,04/16/2020,978.5714285714286
48,118,960,3376,04/17/2020,951.0
49,116,575,3492,04/18/2020,871.8571428571429
50,118,635,3610,04/19/2020,862.2857142857143
51,95,983,3705,04/20/2020,850.5714285714286
52,92,896,3797,04/21/2020,830.7142857142857
53,107,854,3904,04/22/2020,826.7142857142857
54,106,786,4010,04/23/2020,812.7142857142857
55,93,629,4103,04/24/2020,765.4285714285714
56,76,405,4179,04/25/2020,741.1428571428571
57,61,332,4240,04/26/2020,697.8571428571429
58,88,608,4328,04/27/2020,644.2857142857143
59,57,711,4385,04/28/2020,617.8571428571429
60,71,681,4456,04/29/2020,593.1428571428571
61,66,600,4522,04/30/2020,566.5714285714286
62,56,497,4578,05/01/2020,547.7142857142857
63,45,263,4623,05/02/2020,527.4285714285714
64,45,247,4668,05/03/2020,515.2857142857143
65,42,462,4710,05/04/2020,494.42857142857144
66,49,432,4759,05/05/2020,454.57142857142856
67,38,450,4797,05/06/2020,421.57142857142856
68,46,402,4843,05/07/2020,393.2857142857143
69,43,343,4886,05/08/2020,371.2857142857143
70,28,119,4914,05/09/2020,350.7142857142857
71,26,188,4940,05/10/2020,342.2857142857143
72,33,410,4973,05/11/2020,334.85714285714283
73,33,400,5006,05/12/2020,330.2857142857143
74,23,362,5029,05/13/2020,317.7142857142857
75,14,334,5043,05/14/2020,308.0
76,27,259,5070,05/15/2020,296.0
77,24,165,5094,05/16/2020,302.57142857142856
78,19,137,5113,05/17/2020,295.2857142857143
79,17,266,5130,05/18/2020,274.7142857142857
80,16,328,5146,05/19/2020,264.42857142857144
81,21,323,5167,05/20/2020,258.85714285714283
82,15,336,5182,05/21/2020,259.14285714285717
83,15,351,5197,05/22/2020,272.2857142857143
84,20,143,5217,05/23/2020,269.14285714285717
85,12,161,5229,05/24/2020,272.57142857142856
86,14,160,5243,05/25/2020,257.42857142857144
87,12,320,5255,05/26/2020,256.2857142857143
88,10,246,5265,05/27/2020,245.28571428571428
89,12,221,5277,05/28/2020,228.85714285714286
90,16,167,5293,05/29/2020,202.57142857142858
91,10,106,5303,05/30/2020,197.28571428571428
92,11,84,5314,05/31/2020,186.28571428571428
93,10,252,5324,06/01/2020,199.42857142857142
94,6,185,5330,06/02/2020,180.14285714285714
95,13,133,5343,06/03/2020,164.0
96,10,131,5353,06/04/2020,151.14285714285714
97,6,132,5359,06/05/2020,146.14285714285714
98,10,59,5369,06/06/2020,139.42857142857142
99,6,52,5375,06/07/2020,134.85714285714286
100,13,112,5388,06/08/2020,114.85714285714286
101,6,121,5394,06/09/2020,105.71428571428571
102,11,97,5405,06/10/2020,100.57142857142857
103,4,114,5409,06/11/2020,98.14285714285714
104,6,123,5415,06/12/2020,96.85714285714286
105,4,52,5419,06/13/2020,95.85714285714286
106,7,54,5426,06/14/2020,96.14285714285714
107,4,103,5430,06/15/2020,94.85714285714286
108,5,133,5435,06/16/2020,96.57142857142857
109,7,112,5442,06/17/2020,98.71428571428571
110,4,112,5446,06/18/2020,98.42857142857143
111,3,91,5449,06/19/2020,93.85714285714286
112,3,47,5452,06/20/2020,93.14285714285714
113,6,54,5458,06/21/2020,93.14285714285714
114,6,109,5464,06/22/2020,94.0
115,8,95,5472,06/23/2020,88.57142857142857
116,10,102,5482,06/24/2020,87.14285714285714
117,5,82,5487,06/25/2020,82.85714285714286
118,3,94,5490,06/26/2020,83.28571428571429
119,11,70,5501,06/27/2020,86.57142857142857
120,1,58,5502,06/28/2020,87.14285714285714
121,3,127,5505,06/29/2020,89.71428571428571
122,4,128,5509,06/30/2020,94.42857142857143
123,5,120,5514,07/01/2020,97.0
124,3,128,5517,07/02/2020,103.57142857142857
125,4,74,5521,07/03/2020,100.71428571428571
126,6,23,5527,07/04/2020,94.0
127,4,53,5531,07/05/2020,93.28571428571429
128,4,143,5535,07/06/2020,95.57142857142857
129,4,123,5539,07/07/2020,94.85714285714286
130,4,121,5543,07/08/2020,95.0
131,4,104,5547,07/09/2020,91.57142857142857
132,2,90,5549,07/10/2020,93.85714285714286
133,2,72,5551,07/11/2020,100.85714285714286
134,2,56,5553,07/12/2020,101.28571428571429
135,1,123,5554,07/13/2020,98.42857142857143
136,4,111,5558,07/14/2020,96.71428571428571
137,2,150,5560,07/15/2020,100.85714285714286
138,3,90,5563,07/16/2020,98.85714285714286
139,0,105,5563,07/17/2020,101.0
140,4,58,5567,07/18/2020,99.0
141,3,40,5570,07/19/2020,96.71428571428571
142,4,87,5574,07/20/2020,91.57142857142857
143,5,79,5579,07/21/2020,87.0
144,1,96,5580,07/22/2020,79.28571428571429
145,5,85,5585,07/23/2020,78.57142857142857
146,2,68,5587,07/24/2020,73.28571428571429
147,2,35,5589,07/25/2020,70.0
148,4,40,5593,07/26/2020,70.0
149,2,80,5595,07/27/2020,69.0
150,1,106,5596,07/28/2020,72.85714285714286
151,1,72,5597,07/29/2020,69.42857142857143
152,2,98,5599,07/30/2020,71.28571428571429
153,1,80,5600,07/31/2020,73.0
154,3,58,5603,08/01/2020,76.28571428571429
155,2,41,5605,08/02/2020,76.42857142857143
156,0,93,5605,08/03/2020,78.28571428571429
157,1,49,5606,08/04/2020,70.14285714285714
158,0,93,5606,08/05/2020,73.14285714285714
159,2,88,5608,08/06/2020,71.71428571428571
160,0,92,5608,08/07/2020,73.42857142857143
161,1,59,5609,08/08/2020,73.57142857142857
162,0,48,5609,08/09/2020,74.57142857142857
163,1,75,5610,08/10/2020,72.0
164,1,82,5611,08/11/2020,76.71428571428571
165,0,114,5611,08/12/2020,79.71428571428571
166,2,87,5613,08/13/2020,79.57142857142857
167,0,80,5613,08/14/2020,77.85714285714286
168,2,33,5615,08/15/2020,74.14285714285714
169,1,49,5616,08/16/2020,74.28571428571429
170,1,95,5617,08/17/2020,77.14285714285714
171,0,67,5617,08/18/2020,75.0
172,1,68,5618,08/19/2020,68.42857142857143
173,3,55,5621,08/20/2020,63.857142857142854
174,0,75,5621,08/21/2020,63.142857142857146
175,2,36,5623,08/22/2020,63.57142857142857
176,0,56,5623,08/23/2020,64.57142857142857
177,1,85,5624,08/24/2020,63.142857142857146
178,2,84,5626,08/25/2020,65.57142857142857
179,1,116,5627,08/26/2020,72.42857142857143
180,0,99,5627,08/27/2020,78.71428571428571
181,1,79,5628,08/28/2020,79.28571428571429
182,1,38,5629,08/29/2020,79.57142857142857
183,2,60,5631,08/30/2020,80.14285714285714
184,0,116,5631,08/31/2020,84.57142857142857
185,0,92,5631,09/01/2020,85.71428571428571
186,3,96,5634,09/02/2020,82.85714285714286
187,2,91,5636,09/03/2020,81.71428571428571
188,1,71,5637,09/04/2020,80.57142857142857
189,3,47,5640,09/05/2020,81.85714285714286
190,2,89,5642,09/06/2020,86.0
191,0,74,5642,09/07/2020,80.0
192,1,128,5643,09/08/2020,85.14285714285714
193,0,120,5643,09/09/2020,88.57142857142857
194,1,124,5644,09/10/2020,93.28571428571429
195,2,111,5646,09/11/2020,99.0
196,0,50,5646,09/12/2020,99.42857142857143
197,2,118,5648,09/13/2020,103.57142857142857
198,2,167,5650,09/14/2020,116.85714285714286
199,0,152,5650,09/15/2020,120.28571428571429
200,0,167,5650,09/16/2020,127.0
201,1,124,5651,09/17/2020,127.0
202,2,109,5653,09/18/2020,126.71428571428571
203,2,36,5655,09/19/2020,124.71428571428571
204,3,62,5658,09/20/2020,116.71428571428571
205,1,249,5659,09/21/2020,128.42857142857142
206,3,174,5662,09/22/2020,131.57142857142858
207,1,240,5663,09/23/2020,142.0
208,1,233,5664,09/24/2020,157.57142857142858
209,0,187,5664,09/25/2020,168.71428571428572
210,1,107,5665,09/26/2020,178.85714285714286
211,2,184,5667,09/27/2020,196.28571428571428
212,1,140,5668,09/28/2020,180.71428571428572
213,2,335,5670,09/29/2020,203.71428571428572
214,4,276,5674,09/30/2020,208.85714285714286
215,1,296,5675,10/01/2020,217.85714285714286
216,1,265,5676,10/02/2020,229.0
217,1,82,5677,10/03/2020,225.42857142857142
218,3,163,5680,10/04/2020,222.42857142857142
219,0,441,5680,10/05/2020,265.42857142857144
220,2,248,5682,10/06/2020,253.0
221,1,223,5683,10/07/2020,245.42857142857142
222,3,217,5686,10/08/2020,234.14285714285714
223,0,185,5686,10/09/2020,222.71428571428572
224,0,95,5686,10/10/2020,224.57142857142858
225,2,113,5688,10/11/2020,217.42857142857142
226,1,223,5689,10/12/2020,186.28571428571428
227,3,224,5692,10/13/2020,182.85714285714286
228,3,210,5695,10/14/2020,181.0
229,2,238,5697,10/15/2020,184.0
230,3,163,5700,10/16/2020,180.85714285714286
231,3,89,5703,10/17/2020,180.0
232,1,175,5704,10/18/2020,188.85714285714286
233,6,204,5710,10/19/2020,186.14285714285714
234,2,218,5712,10/20/2020,185.28571428571428
235,3,202,5715,10/21/2020,184.14285714285714
236,2,244,5717,10/22/2020,185.0
237,0,199,5717,10/23/2020,190.14285714285714
238,0,120,5717,10/24/2020,194.57142857142858
239,3,130,5720,10/25/2020,188.14285714285714
240,2,218,5722,10/26/2020,190.14285714285714
241,3,235,5725,10/27/2020,192.57142857142858
242,3,225,5728,10/28/2020,195.85714285714286
243,2,191,5730,10/29/2020,188.28571428571428
244,4,193,5734,10/30/2020,187.42857142857142
245,2,118,5736,10/31/2020,187.14285714285714
246,9,232,5745,11/01/2020,201.71428571428572
247,7,341,5752,11/02/2020,219.28571428571428
248,6,312,5758,11/03/2020,230.28571428571428
249,6,312,5764,11/04/2020,242.71428571428572
250,4,312,5768,11/05/2020,260.0
251,2,234,5770,11/06/2020,265.85714285714283
252,5,222,5775,11/07/2020,280.7142857142857
253,2,226,5777,11/08/2020,279.85714285714283
254,1,416,5778,11/09/2020,290.57142857142856
255,2,450,5780,11/10/2020,310.2857142857143
256,2,381,5782,11/11/2020,320.14285714285717
257,6,386,5788,11/12/2020,330.7142857142857
258,1,354,5789,11/13/2020,347.85714285714283
259,5,236,5794,11/14/2020,349.85714285714283
260,6,231,5800,11/15/2020,350.57142857142856
261,1,489,5801,11/16/2020,361.0
262,3,477,5804,11/17/2020,364.85714285714283
263,3,452,5807,11/18/2020,375.0
264,6,488,5813,11/19/2020,389.57142857142856
265,2,431,5815,11/20/2020,400.57142857142856
266,3,354,5818,11/21/2020,417.42857142857144
267,2,340,5820,11/22/2020,433.0
268,6,562,5826,11/23/2020,443.42857142857144
269,2,543,5828,11/24/2020,452.85714285714283
270,4,606,5832,11/25/2020,474.85714285714283
271,3,237,5835,11/26/2020,439.0
272,3,593,5838,11/27/2020,462.14285714285717
273,3,435,5841,11/28/2020,473.7142857142857
274,3,494,5844,11/29/2020,495.7142857142857
275,4,833,5848,11/30/2020,534.4285714285714
276,3,854,5851,12/01/2020,578.8571428571429
277,10,771,5861,12/02/2020,602.4285714285714
278,3,790,5864,12/03/2020,681.4285714285714
279,5,724,5869,12/04/2020,700.1428571428571
280,6,473,5875,12/05/2020,705.5714285714286
281,2,520,5877,12/06/2020,709.2857142857143
282,7,863,5884,12/07/2020,713.5714285714286
283,3,681,5887,12/08/2020,688.8571428571429
284,4,460,5891,12/09/2020,644.4285714285714
