,Deaths,Cases,Total Deaths,Date,7 day average
0,0,0,0,02/29/2020,0.0
1,0,0,0,03/01/2020,0.0
2,0,0,0,03/02/2020,0.0
3,0,0,0,03/03/2020,0.0
4,0,1,0,03/04/2020,0.5
5,0,3,0,03/05/2020,0.5
6,0,1,0,03/06/2020,0.7142857142857143
7,0,2,0,03/07/2020,1.0
8,0,5,0,03/08/2020,1.7142857142857142
9,0,16,0,03/09/2020,4.0
10,0,11,0,03/10/2020,5.571428571428571
11,0,31,0,03/11/2020,9.857142857142858
12,0,96,0,03/12/2020,23.142857142857142
13,0,167,0,03/13/2020,46.857142857142854
14,1,164,1,03/14/2020,70.0
15,0,433,1,03/15/2020,131.14285714285714
16,1,740,2,03/16/2020,234.57142857142858
17,4,785,6,03/17/2020,345.14285714285717
18,6,971,12,03/18/2020,479.42857142857144
19,6,1206,18,03/19/2020,638.0
20,11,1138,29,03/20/2020,776.7142857142857
21,12,555,41,03/21/2020,832.5714285714286
22,10,756,51,03/22/2020,878.7142857142857
23,27,909,78,03/23/2020,902.8571428571429
24,23,1212,101,03/24/2020,963.8571428571429
25,36,1240,137,03/25/2020,1002.2857142857143
26,50,1377,187,03/26/2020,1026.7142857142858
27,75,1434,262,03/27/2020,1069.0
28,78,862,340,03/28/2020,1112.857142857143
29,90,1146,430,03/29/2020,1168.5714285714287
30,106,1761,536,03/30/2020,1290.2857142857142
31,126,1519,662,03/31/2020,1334.142857142857
32,136,1609,798,04/01/2020,1386.857142857143
33,167,1643,965,04/02/2020,1424.857142857143
34,141,1448,1106,04/03/2020,1426.857142857143
35,163,923,1269,04/04/2020,1435.5714285714287
36,167,1151,1436,04/05/2020,1436.2857142857142
37,169,1498,1605,04/06/2020,1398.7142857142858
38,179,1421,1784,04/07/2020,1384.7142857142858
39,173,1325,1957,04/08/2020,1344.142857142857
40,190,1373,2147,04/09/2020,1305.5714285714287
41,178,1158,2325,04/10/2020,1264.142857142857
42,160,1130,2485,04/11/2020,1293.7142857142858
43,200,701,2685,04/12/2020,1229.4285714285713
44,159,1065,2844,04/13/2020,1167.5714285714287
45,153,1037,2997,04/14/2020,1112.7142857142858
46,131,883,3128,04/15/2020,1049.5714285714287
47,126,885,3254,04/16/2020,979.8571428571429
48,118,959,3372,04/17/2020,951.4285714285714
49,117,574,3489,04/18/2020,872.0
50,118,636,3607,04/19/2020,862.7142857142857
51,95,982,3702,04/20/2020,850.8571428571429
52,91,900,3793,04/21/2020,831.2857142857143
53,108,853,3901,04/22/2020,827.0
54,106,791,4007,04/23/2020,813.5714285714286
55,93,629,4100,04/24/2020,766.4285714285714
56,76,404,4176,04/25/2020,742.1428571428571
57,61,332,4237,04/26/2020,698.7142857142857
58,88,610,4325,04/27/2020,645.5714285714286
59,57,715,4382,04/28/2020,619.1428571428571
60,72,682,4454,04/29/2020,594.7142857142857
61,66,600,4520,04/30/2020,567.4285714285714
62,55,498,4575,05/01/2020,548.7142857142857
63,46,264,4621,05/02/2020,528.7142857142857
64,46,248,4667,05/03/2020,516.7142857142857
65,42,462,4709,05/04/2020,495.57142857142856
66,49,434,4758,05/05/2020,455.42857142857144
67,38,452,4796,05/06/2020,422.57142857142856
68,45,402,4841,05/07/2020,394.2857142857143
69,43,344,4884,05/08/2020,372.2857142857143
70,28,119,4912,05/09/2020,351.57142857142856
71,26,188,4938,05/10/2020,343.0
72,32,410,4970,05/11/2020,335.57142857142856
73,33,400,5003,05/12/2020,330.7142857142857
74,23,363,5026,05/13/2020,318.0
75,14,332,5040,05/14/2020,308.0
76,26,259,5066,05/15/2020,295.85714285714283
77,24,165,5090,05/16/2020,302.42857142857144
78,19,137,5109,05/17/2020,295.14285714285717
79,16,268,5125,05/18/2020,274.85714285714283
80,16,329,5141,05/19/2020,264.7142857142857
81,21,326,5162,05/20/2020,259.42857142857144
82,15,345,5177,05/21/2020,261.2857142857143
83,14,386,5191,05/22/2020,279.42857142857144
84,20,163,5211,05/23/2020,279.14285714285717
85,12,179,5223,05/24/2020,285.14285714285717
86,14,175,5237,05/25/2020,271.85714285714283
87,11,339,5248,05/26/2020,273.2857142857143
88,11,260,5259,05/27/2020,263.85714285714283
89,12,227,5271,05/28/2020,247.0
90,16,172,5287,05/29/2020,216.42857142857142
91,11,112,5298,05/30/2020,209.14285714285714
92,11,80,5309,05/31/2020,195.0
93,10,253,5319,06/01/2020,206.14285714285714
94,6,196,5325,06/02/2020,185.71428571428572
95,13,141,5338,06/03/2020,168.71428571428572
96,10,132,5348,06/04/2020,155.14285714285714
97,6,132,5354,06/05/2020,149.42857142857142
98,10,59,5364,06/06/2020,141.85714285714286
99,5,53,5369,06/07/2020,138.0
100,13,111,5382,06/08/2020,117.71428571428571
101,7,124,5389,06/09/2020,107.42857142857143
102,11,98,5400,06/10/2020,101.28571428571429
103,4,107,5404,06/11/2020,97.71428571428571
104,6,124,5410,06/12/2020,96.57142857142857
105,4,53,5414,06/13/2020,95.71428571428571
106,7,54,5421,06/14/2020,95.85714285714286
107,4,105,5425,06/15/2020,95.0
108,5,133,5430,06/16/2020,96.28571428571429
109,7,114,5437,06/17/2020,98.57142857142857
110,4,111,5441,06/18/2020,99.14285714285714
111,3,91,5444,06/19/2020,94.42857142857143
112,4,45,5448,06/20/2020,93.28571428571429
113,6,52,5454,06/21/2020,93.0
114,7,109,5461,06/22/2020,93.57142857142857
115,9,96,5470,06/23/2020,88.28571428571429
116,11,101,5481,06/24/2020,86.42857142857143
117,5,81,5486,06/25/2020,82.14285714285714
118,3,94,5489,06/26/2020,82.57142857142857
119,11,69,5500,06/27/2020,86.0
120,1,58,5501,06/28/2020,86.85714285714286
121,5,128,5506,06/29/2020,89.57142857142857
122,5,133,5511,06/30/2020,94.85714285714286
123,5,120,5516,07/01/2020,97.57142857142857
124,4,127,5520,07/02/2020,104.14285714285714
125,6,72,5526,07/03/2020,101.0
126,6,23,5532,07/04/2020,94.42857142857143
127,5,54,5537,07/05/2020,93.85714285714286
128,4,143,5541,07/06/2020,96.0
129,4,123,5545,07/07/2020,94.57142857142857
130,5,121,5550,07/08/2020,94.71428571428571
131,4,104,5554,07/09/2020,91.42857142857143
132,3,90,5557,07/10/2020,94.0
133,2,72,5559,07/11/2020,101.0
134,4,56,5563,07/12/2020,101.28571428571429
135,2,121,5565,07/13/2020,98.14285714285714
136,4,111,5569,07/14/2020,96.42857142857143
137,2,149,5571,07/15/2020,100.42857142857143
138,3,90,5574,07/16/2020,98.42857142857143
139,1,102,5575,07/17/2020,100.14285714285714
140,5,58,5580,07/18/2020,98.14285714285714
141,3,39,5583,07/19/2020,95.71428571428571
142,4,84,5587,07/20/2020,90.42857142857143
143,5,82,5592,07/21/2020,86.28571428571429
144,1,93,5593,07/22/2020,78.28571428571429
145,5,83,5598,07/23/2020,77.28571428571429
146,2,67,5600,07/24/2020,72.28571428571429
147,2,35,5602,07/25/2020,69.0
148,4,39,5606,07/26/2020,69.0
149,2,88,5608,07/27/2020,69.57142857142857
150,1,103,5609,07/28/2020,72.57142857142857
151,1,75,5610,07/29/2020,70.0
152,2,94,5612,07/30/2020,71.57142857142857
153,1,79,5613,07/31/2020,73.28571428571429
154,3,55,5616,08/01/2020,76.14285714285714
155,2,42,5618,08/02/2020,76.57142857142857
156,0,96,5618,08/03/2020,77.71428571428571
157,2,50,5620,08/04/2020,70.14285714285714
158,0,98,5620,08/05/2020,73.42857142857143
159,2,93,5622,08/06/2020,73.28571428571429
160,0,92,5622,08/07/2020,75.14285714285714
161,1,61,5623,08/08/2020,76.0
162,0,45,5623,08/09/2020,76.42857142857143
163,1,70,5624,08/10/2020,72.71428571428571
164,2,80,5626,08/11/2020,77.0
165,0,96,5626,08/12/2020,76.71428571428571
166,1,68,5627,08/13/2020,73.14285714285714
167,0,43,5627,08/14/2020,66.14285714285714
168,0,17,5627,08/15/2020,59.857142857142854
169,0,9,5627,08/16/2020,54.714285714285715
170,0,6,5627,08/17/2020,45.57142857142857
